# src  dest  duplex    delay     error datarate
1       2     1        0.01s       0     1e6
1       4     1        0.01s       0     1e6
3       4     1        0.01s       0     1e6
4       5     1        0.01s       0     1e6
4       7     1        0.01s       0     1e6
5       6     1        0.01s       0     1e6
5       10    1        0.01s       0     1e6
6       7     1        0.01s       0     1e6
6       9     1        0.01s       0     1e6
7       8     1        0.01s       0     1e6
7       12    1        0.01s       0     1e6
9       11    1        0.01s       0     1e6
10      11    1        0.01s       0     1e6
10      13    1        0.01s       0     1e6
11      12    1        0.01s       0     1e6
11      14    1        0.01s       0     1e6
12      15    1        0.01s       0     1e6
13      18    1        0.01s       0     1e6
14      15    1        0.01s       0     1e6
14      22    1        0.01s       0     1e6
15      16    1        0.01s       0     1e6
16      17    1        0.01s       0     1e6
16      23    1        0.01s       0     1e6
18      19    1        0.01s       0     1e6
18      21    1        0.01s       0     1e6
19      20    1        0.01s       0     1e6
19      26    1        0.01s       0     1e6
20      21    1        0.01s       0     1e6
20      24    1        0.01s       0     1e6
20      25    1        0.01s       0     1e6
21      22    1        0.01s       0     1e6
21      23    1        0.01s       0     1e6
21      24    1        0.01s       0     1e6
23      24    1        0.01s       0     1e6
24      28    1        0.01s       0     1e6
25      27    1        0.01s       0     1e6
26      32    1        0.01s       0     1e6
27      29    1        0.01s       0     1e6
27      30    1        0.01s       0     1e6
27      32    1        0.01s       0     1e6
28      29    1        0.01s       0     1e6
28      31    1        0.01s       0     1e6
29      31    1        0.01s       0     1e6
30      36    1        0.01s       0     1e6
31      33    1        0.01s       0     1e6
32      34    1        0.01s       0     1e6
33      37    1        0.01s       0     1e6
34      35    1        0.01s       0     1e6
34      40    1        0.01s       0     1e6
35      36    1        0.01s       0     1e6
35      39    1        0.01s       0     1e6
36      37    1        0.01s       0     1e6
37      38    1        0.01s       0     1e6
38      39    1        0.01s       0     1e6
38      42    1        0.01s       0     1e6
39      40    1        0.01s       0     1e6
39      41    1        0.01s       0     1e6
40      43    1        0.01s       0     1e6
40      44    1        0.01s       0     1e6
40      52    1        0.01s       0     1e6
41      42    1        0.01s       0     1e6
41      43    1        0.01s       0     1e6
42      43    1        0.01s       0     1e6
43      46    1        0.01s       0     1e6
44      45    1        0.01s       0     1e6
44      47    1        0.01s       0     1e6
45      46    1        0.01s       0     1e6
46      49    1        0.01s       0     1e6
47      48    1        0.01s       0     1e6
48      50    1        0.01s       0     1e6
48      51    1        0.01s       0     1e6
49      50    1        0.01s       0     1e6
50      53    1        0.01s       0     1e6
51      52    1        0.01s       0     1e6
51      53    1        0.01s       0     1e6
52      53    1        0.01s       0     1e6
52      54    1        0.01s       0     1e6
53      56    1        0.01s       0     1e6
54      55    1        0.01s       0     1e6
55      56    1        0.01s       0     1e6

