version 3
run Fifo1-0-20211210-15:04:47-479469
attr configname Fifo1
attr datetime 20211210-15:04:47
attr datetimef 20211210-150447
attr experiment Fifo1
attr inifile omnetpp.ini
attr iterationvars ""
attr iterationvarsd ""
attr iterationvarsf ""
attr measurement ""
attr network FifoNet
attr processid 479469
attr repetition 0
attr replication #0
attr resultdir results
attr runnumber 0
attr seedset 0
config cmdenv-redirect-output true
config sim-time-limit 200s
config description "low job arrival rate"
config **.gen.sendIaTime exponential(0.2s)
config **.fifo.serviceTime 0.01s
config network FifoNet
config sim-time-limit 100h
config cpu-time-limit 300s

vector 0 FifoNet.fifo qlen:vector ETV
attr interpolationmode sample-hold
attr recordingmode vector
attr title "queue length"
vector 1 FifoNet.fifo queueingTime:vector ETV
attr interpolationmode none
attr recordingmode vector
attr title "queueing time at dequeue"
attr unit s
vector 2 FifoNet.sink lifetime:vector ETV
attr interpolationmode none
attr recordingmode vector
attr title "lifetime of arrived jobs"
attr unit s
0	0	0	0
0	132	6.682640977671	1
0	133	6.688555859991	0
0	276	14.403770617499	1
0	277	14.409976903659	0
0	408	20.199118850391	1
0	409	20.201282219108	0
0	536	26.97475495706	1
0	537	26.982022041374	0
0	600	31.295333195709	1
0	601	31.30129517008	0
0	604	31.303328455521	1
0	605	31.31129517008	0
0	728	37.220408475919	1
0	729	37.228528325786	0
0	780	39.280300988636	1
0	781	39.286238496877	0
0	796	39.762787140823	1
0	797	39.771845832725	0
0	1012	51.943922012465	1
0	1013	51.950046056195	0
0	1096	54.760288071829	1
0	1097	54.763447388157	0
0	1216	62.65249043407	1
0	1217	62.654833851493	0
0	1272	64.908434802577	1
0	1273	64.911677445467	0
0	1320	67.800444652715	1
0	1321	67.807091099517	0
0	1332	68.24258260843	1
0	1333	68.250225962046	0
0	1388	70.32163474181	1
0	1389	70.327895647726	0
0	1436	73.072583219456	1
0	1437	73.076111858527	0
0	1636	83.314638963641	1
0	1637	83.319641292978	0
0	1716	87.748366202212	1
0	1717	87.75419275849	0
0	1768	90.318858939118	1
0	1769	90.328847868739	0
0	1868	95.879385854777	1
0	1869	95.884186305738	0
0	2016	101.352388581314	1
0	2017	101.356203323002	0
0	2064	103.632801483496	1
0	2065	103.633463934767	0
0	2100	104.788929303131	1
0	2101	104.795616084247	0
0	2112	105.483525815557	1
0	2113	105.491669210681	0
0	2268	115.603032556815	1
0	2269	115.610367507849	0
0	2312	119.342757955203	1
0	2313	119.351946690939	0
0	2472	127.179297307318	1
0	2474	127.18159595736	2
0	2475	127.18648798907	1
0	2477	127.19648798907	0
0	2712	136.221872677216	1
0	2713	136.229925595348	0
0	2748	137.848921995301	1
0	2749	137.849794385402	0
0	2812	140.784108921483	1
0	2813	140.786908355533	0
0	2984	148.441690425342	1
0	2985	148.446202005256	0
0	3008	149.289915321219	1
0	3009	149.297952433939	0
0	3156	158.608209406592	1
0	3157	158.611435035544	0
0	3188	159.741952161312	1
0	3189	159.748659504515	0
0	3276	163.459798675742	1
0	3277	163.463071891558	0
0	3284	163.610728504485	1
0	3285	163.61758267973	0
0	3312	164.31259527996	1
0	3313	164.315994482949	0
0	3340	165.014342086528	1
0	3341	165.021920237516	0
0	3376	167.985402350546	1
0	3377	167.986055370199	0
0	3548	176.888588216932	1
0	3549	176.889168362721	0
0	3808	191.232642597718	1
0	3809	191.237656978572	0
0	3912	197.095046483582	1
0	3913	197.101148624992	0
1	2	0	0
1	6	0.159174900913	0
1	10	0.33888697861	0
1	14	0.590073130219	0
1	18	0.961993972634	0
1	22	1.146638598928	0
1	26	1.536947666105	0
1	30	1.694387894101	0
1	34	2.070180704942	0
1	38	2.180390402276	0
1	42	2.375791687555	0
1	46	2.583423547688	0
1	50	2.680449180432	0
1	54	2.795553019809	0
1	58	2.866184847637	0
1	62	3.310889732044	0
1	66	3.322566665863	0
1	70	3.985549121849	0
1	74	4.049220350017	0
1	78	4.145940771007	0
1	82	4.275830040657	0
1	86	4.589609264182	0
1	90	4.924051504247	0
1	94	5.07458632691	0
1	98	5.205362840354	0
1	102	5.373249410934	0
1	106	5.473023812737	0
1	110	5.992674629907	0
1	114	6.354348482762	0
1	118	6.369085553855	0
1	122	6.451401153104	0
1	126	6.469633358329	0
1	130	6.678555859991	0
1	133	6.688555859991	0.00591488232
1	138	6.774490605122	0
1	142	7.13198813781	0
1	146	7.762022123545	0
1	150	8.063178975272	0
1	154	8.093425146005	0
1	158	8.501487997593	0
1	162	8.909666440775	0
1	166	9.678710814603	0
1	170	9.807052649139	0
1	174	10.128100560551	0
1	178	10.45090097553	0
1	182	10.574686867455	0
1	186	10.721679751693	0
1	190	11.024986946491	0
1	194	11.252174734833	0
1	198	11.277349616721	0
1	202	11.532395157166	0
1	206	11.736681532036	0
1	210	11.911145771044	0
1	214	11.942091707144	0
1	218	12.096258638837	0
1	222	12.675142734434	0
1	226	12.959415670453	0
1	230	13.106981128804	0
1	234	13.129370360931	0
1	238	13.236483504977	0
1	242	13.364822445383	0
1	246	13.426278515814	0
1	250	13.46751917222	0
1	254	13.76517013737	0
1	258	14.032228174295	0
1	262	14.154044658932	0
1	266	14.202854357079	0
1	270	14.370921298201	0
1	274	14.399976903659	0
1	277	14.409976903659	0.00620628616
1	282	14.482124779634	0
1	286	14.674400967447	0
1	290	14.706828265336	0
1	294	14.896227600771	0
1	298	14.946515987186	0
1	302	15.13842558266	0
1	306	15.236136992522	0
1	310	15.811719996778	0
1	314	16.277502671621	0
1	318	16.506530462561	0
1	322	16.626079677925	0
1	326	16.715183376935	0
1	330	16.905082293634	0
1	334	17.019988774982	0
1	338	17.485258987321	0
1	342	17.724480547212	0
1	346	17.745392792367	0
1	350	17.75781585046	0
1	354	18.457858587351	0
1	358	18.677641080861	0
1	362	18.889407907159	0
1	366	19.111527396296	0
1	370	19.1490126095	0
1	374	19.196253950717	0
1	378	19.284934756441	0
1	382	19.312540494127	0
1	386	19.590349032085	0
1	390	19.666141424942	0
1	394	19.853353736896	0
1	398	19.943774148941	0
1	402	20.022396660402	0
1	406	20.191282219108	0
1	409	20.201282219108	0.002163368717
1	414	20.314583712552	0
1	418	20.515757913585	0
1	422	21.40665728282	0
1	426	22.045246611231	0
1	430	22.066773632862	0
1	434	22.278338915532	0
1	438	22.325199219287	0
1	442	22.526803068371	0
1	446	22.561985777456	0
1	450	23.634005847505	0
1	454	23.845754390524	0
1	458	24.020137561249	0
1	462	24.078553667902	0
1	466	24.185566603319	0
1	470	24.311154919517	0
1	474	24.439911119838	0
1	478	24.495966521534	0
1	482	24.691339336348	0
1	486	24.725964827577	0
1	490	24.808465073561	0
1	494	24.831856155519	0
1	498	25.056489815826	0
1	502	25.270104255256	0
1	506	25.346415423931	0
1	510	25.376157877781	0
1	514	25.677484944436	0
1	518	25.721261063737	0
1	522	26.318699042107	0
1	526	26.410701833655	0
1	530	26.627955709831	0
1	534	26.972022041374	0
1	537	26.982022041374	0.007267084314
1	542	26.995183933365	0
1	546	27.190204320196	0
1	550	27.554168104053	0
1	554	27.778130977204	0
1	558	27.798337932266	0
1	562	28.513055606735	0
1	566	29.262861898652	0
1	570	29.68392615881	0
1	574	29.810393478089	0
1	578	29.952910196756	0
1	582	30.705295653657	0
1	586	30.716761038942	0
1	590	30.902456738322	0
1	594	31.02244611565	0
1	598	31.29129517008	0
1	601	31.30129517008	0.005961974371
1	605	31.31129517008	0.007966714559
1	610	31.419904133294	0
1	614	31.486386181487	0
1	618	32.264700206056	0
1	622	32.290311559118	0
1	626	32.379395451502	0
1	630	32.449630669378	0
1	634	32.580759926251	0
1	638	32.606037653536	0
1	642	32.839412358846	0
1	646	32.915952548618	0
1	650	33.340799988018	0
1	654	33.447776863169	0
1	658	33.948559219786	0
1	662	33.961818700082	0
1	666	34.010697789698	0
1	670	34.246535695111	0
1	674	34.413104398324	0
1	678	34.580323904718	0
1	682	34.980972009219	0
1	686	35.042654977239	0
1	690	35.184904564682	0
1	694	35.333056354771	0
1	698	35.830172826166	0
1	702	35.84990288785	0
1	706	36.357963789442	0
1	710	36.529542917657	0
1	714	36.546897014125	0
1	718	37.07674819986	0
1	722	37.141816282966	0
1	726	37.218528325786	0
1	729	37.228528325786	0.008119849867
1	734	37.440577657937	0
1	738	37.810043188137	0
1	742	37.838309330849	0
1	746	38.046665461685	0
1	750	38.298652223707	0
1	754	38.666908718004	0
1	758	38.735239551409	0
1	762	38.796743096161	0
1	766	38.837213183874	0
1	770	38.938653208525	0
1	774	39.115279016917	0
1	778	39.276238496877	0
1	781	39.286238496877	0.005937508241
1	786	39.316351439033	0
1	790	39.669499653516	0
1	794	39.761845832725	0
1	797	39.771845832725	0.009058691902
1	802	39.794455442069	0
1	806	40.020982270463	0
1	810	40.189598876893	0
1	814	40.252543209064	0
1	818	40.495844939751	0
1	822	40.761596514501	0
1	826	40.829665862148	0
1	830	41.484694497691	0
1	834	41.598275328387	0
1	838	41.655479522889	0
1	842	41.937684404748	0
1	846	42.109362998314	0
1	850	42.210231759632	0
1	854	42.389549933789	0
1	858	42.842296648961	0
1	862	43.012140811274	0
1	866	43.215872557278	0
1	870	43.266356555856	0
1	874	43.710657935551	0
1	878	44.321114266928	0
1	882	44.549035859635	0
1	886	44.667560665125	0
1	890	44.786836543991	0
1	894	45.161528519962	0
1	898	45.930129836611	0
1	902	46.17057755006	0
1	906	46.195282879532	0
1	910	46.265886906187	0
1	914	46.5572506179	0
1	918	46.893435058809	0
1	922	46.999579558132	0
1	926	47.100583307683	0
1	930	47.325639711052	0
1	934	47.751539590266	0
1	938	47.80902168548	0
1	942	47.983128850745	0
1	946	48.058276619226	0
1	950	48.485242709223	0
1	954	49.158116799833	0
1	958	49.393993386562	0
1	962	49.571565668649	0
1	966	49.829947522409	0
1	970	50.045514499236	0
1	974	50.184674391416	0
1	978	50.337047945675	0
1	982	50.962141617207	0
1	986	51.014553065542	0
1	990	51.221112467671	0
1	994	51.321574627323	0
1	998	51.43185382535	0
1	1002	51.624744538449	0
1	1006	51.81122511453	0
1	1010	51.940046056195	0
1	1013	51.950046056195	0.00612404373
1	1018	52.070947555591	0
1	1022	52.142732998765	0
1	1026	52.394541702218	0
1	1030	52.610405741949	0
1	1034	52.678338688465	0
1	1038	52.746858613405	0
1	1042	52.843585750723	0
1	1046	53.036060761877	0
1	1050	53.312656603184	0
1	1054	53.424648817199	0
1	1058	53.846138338189	0
1	1062	53.875253133879	0
1	1066	53.896962553578	0
1	1070	53.967807380027	0
1	1074	53.987191930942	0
1	1078	54.15596962546	0
1	1082	54.243375228215	0
1	1086	54.422121043876	0
1	1090	54.582631441028	0
1	1094	54.753447388157	0
1	1097	54.763447388157	0.003159316328
1	1102	54.972089948905	0
1	1106	55.666597044761	0
1	1110	55.877766966493	0
1	1114	55.955192984923	0
1	1118	56.068115085147	0
1	1122	56.118131384143	0
1	1126	56.571858182681	0
1	1130	56.602316907732	0
1	1134	56.693951484524	0
1	1138	56.714415607495	0
1	1142	56.828907917781	0
1	1146	57.656469869883	0
1	1150	58.101452801328	0
1	1154	58.161765983973	0
1	1158	58.489945499558	0
1	1162	58.643960871467	0
1	1166	58.887364770534	0
1	1170	59.006179470199	0
1	1174	59.027301998925	0
1	1178	59.048278366045	0
1	1182	59.552134792062	0
1	1186	59.639003923251	0
1	1190	59.889525428233	0
1	1194	60.016217951778	0
1	1198	61.369296055765	0
1	1202	61.73724261278	0
1	1206	61.769616630122	0
1	1210	62.239652088072	0
1	1214	62.644833851493	0
1	1217	62.654833851493	0.002343417423
1	1222	62.687955549099	0
1	1226	62.829939134544	0
1	1230	63.021132419328	0
1	1234	63.057640139705	0
1	1238	63.084076881628	0
1	1242	63.38604157275	0
1	1246	63.762827350067	0
1	1250	64.163224649172	0
1	1254	64.492568469437	0
1	1258	64.598569045064	0
1	1262	64.76694523741	0
1	1266	64.797103439449	0
1	1270	64.901677445467	0
1	1273	64.911677445467	0.00324264289
1	1278	64.92276987944	0
1	1282	65.732739247201	0
1	1286	65.971826960457	0
1	1290	66.065281473739	0
1	1294	66.186141288109	0
1	1298	66.295112713738	0
1	1302	66.5511795545	0
1	1306	66.561562064937	0
1	1310	66.964116612178	0
1	1314	67.055098981136	0
1	1318	67.797091099517	0
1	1321	67.807091099517	0.006646446802
1	1326	68.187760100213	0
1	1330	68.240225962046	0
1	1333	68.250225962046	0.007643353616
1	1338	68.532141424828	0
1	1342	68.621391988932	0
1	1346	69.198314339352	0
1	1350	69.460174012157	0
1	1354	69.737432282561	0
1	1358	69.775091277605	0
1	1362	69.858013786137	0
1	1366	70.005240006134	0
1	1370	70.139732109501	0
1	1374	70.150906120079	0
1	1378	70.233701904614	0
1	1382	70.278329746234	0
1	1386	70.317895647726	0
1	1389	70.327895647726	0.006260905916
1	1394	70.359138532051	0
1	1398	70.674821076472	0
1	1402	70.799340545268	0
1	1406	70.850041686297	0
1	1410	71.265247898386	0
1	1414	71.349979318657	0
1	1418	71.926888176338	0
1	1422	72.453331948848	0
1	1426	72.640759692393	0
1	1430	72.884519053062	0
1	1434	73.066111858527	0
1	1437	73.076111858527	0.003528639071
1	1442	73.378749464709	0
1	1446	73.414740933019	0
1	1450	73.553380886927	0
1	1454	73.747677318546	0
1	1458	73.758013899705	0
1	1462	73.930198627041	0
1	1466	74.170392808349	0
1	1470	74.224726422417	0
1	1474	75.200553000016	0
1	1478	75.744822651199	0
1	1482	75.807016212193	0
1	1486	75.997382153701	0
1	1490	76.224701452752	0
1	1494	76.378117383666	0
1	1498	76.777551777164	0
1	1502	76.955827492546	0
1	1506	77.233762905301	0
1	1510	77.495719979573	0
1	1514	78.163306846344	0
1	1518	78.238084145525	0
1	1522	78.399680156205	0
1	1526	78.501253180742	0
1	1530	78.549003755312	0
1	1534	78.596108669996	0
1	1538	78.646428392619	0
1	1542	78.687634802316	0
1	1546	78.737006656076	0
1	1550	79.314821774456	0
1	1554	79.483417529539	0
1	1558	79.752487016186	0
1	1562	79.872822813491	0
1	1566	80.007671727418	0
1	1570	80.710567463525	0
1	1574	80.762170016313	0
1	1578	80.990397596885	0
1	1582	81.04909912727	0
1	1586	81.066929985269	0
1	1590	81.078886177852	0
1	1594	81.090500650275	0
1	1598	81.204480163336	0
1	1602	81.338302908074	0
1	1606	81.413036866953	0
1	1610	81.838770885859	0
1	1614	82.07714250659	0
1	1618	82.826481429355	0
1	1622	82.921364687422	0
1	1626	83.113652601736	0
1	1630	83.153246148803	0
1	1634	83.309641292978	0
1	1637	83.319641292978	0.005002329337
1	1642	83.700310991017	0
1	1646	83.714234525232	0
1	1650	83.986620870093	0
1	1654	84.214128571201	0
1	1658	84.344374717585	0
1	1662	84.465290961252	0
1	1666	84.691362070434	0
1	1670	84.845186030653	0
1	1674	85.031998097174	0
1	1678	85.485966100331	0
1	1682	85.736806754349	0
1	1686	86.664737259624	0
1	1690	86.791523263503	0
1	1694	86.840421467912	0
1	1698	86.962188050659	0
1	1702	87.179768937382	0
1	1706	87.653552571549	0
1	1710	87.714673551912	0
1	1714	87.74419275849	0
1	1717	87.75419275849	0.005826556278
1	1722	87.800436484521	0
1	1726	88.084513175638	0
1	1730	88.511225833133	0
1	1734	88.588363371942	0
1	1738	89.057932124228	0
1	1742	89.154659801726	0
1	1746	89.362229816824	0
1	1750	89.539730202521	0
1	1754	89.618244808159	0
1	1758	89.973873475526	0
1	1762	90.12054701016	0
1	1766	90.318847868739	0
1	1769	90.328847868739	0.009988929621
1	1774	90.731023187294	0
1	1778	90.805775846057	0
1	1782	90.869690777032	0
1	1786	90.980524942842	0
1	1790	91.30046883121	0
1	1794	91.733621567385	0
1	1798	91.774691121132	0
1	1802	92.002502651267	0
1	1806	92.613139585186	0
1	1810	92.734948507728	0
1	1814	92.967571164413	0
1	1818	93.099671780363	0
1	1822	93.148215479097	0
1	1826	93.459148066659	0
1	1830	94.048044122144	0
1	1834	94.100172148019	0
1	1838	94.362673746612	0
1	1842	94.7872230774	0
1	1846	94.845813369097	0
1	1850	94.921099239401	0
1	1854	94.969083943288	0
1	1858	95.600503051571	0
1	1862	95.746548584619	0
1	1866	95.874186305738	0
1	1869	95.884186305738	0.004800450961
1	1874	96.128056010367	0
1	1878	96.174561014044	0
1	1882	96.207935942291	0
1	1886	96.318503616421	0
1	1890	96.580698090053	0
1	1894	96.674433385248	0
1	1898	96.882274512564	0
1	1902	97.006840374517	0
1	1906	97.055224303471	0
1	1910	97.120267507066	0
1	1914	97.161539105787	0
1	1918	97.338296236994	0
1	1922	97.667911471626	0
1	1926	98.066719311881	0
1	1930	98.341655302641	0
1	1934	98.366661820626	0
1	1938	98.591353920536	0
1	1942	98.737058689083	0
1	1946	98.80189851178	0
1	1950	98.830226918739	0
1	1954	98.868679206907	0
1	1958	99.121041741604	0
1	1962	99.36484161064	0
1	1966	99.46569759729	0
1	1970	99.590104981106	0
1	1974	99.756780629235	0
1	1978	100.123833309823	0
1	1982	100.164325062563	0
1	1986	100.210173927604	0
1	1990	100.241469081681	0
1	1994	100.277523941597	0
1	1998	100.411432059769	0
1	2002	100.438100184424	0
1	2006	100.525991262523	0
1	2010	100.782076133319	0
1	2014	101.346203323002	0
1	2017	101.356203323002	0.003814741688
1	2022	101.6422995366	0
1	2026	101.917168139484	0
1	2030	102.193360758617	0
1	2034	102.21279429429	0
1	2038	102.680892686421	0
1	2042	102.729932304949	0
1	2046	102.747354021601	0
1	2050	103.024017314831	0
1	2054	103.184695667364	0
1	2058	103.447820919023	0
1	2062	103.623463934767	0
1	2065	103.633463934767	0.000662451271
1	2070	104.286500763661	0
1	2074	104.333431933512	0
1	2078	104.402535850254	0
1	2082	104.470166793223	0
1	2086	104.525272380631	0
1	2090	104.751456076469	0
1	2094	104.77259351129	0
1	2098	104.785616084247	0
1	2101	104.795616084247	0.006686781116
1	2106	104.951157507577	0
1	2110	105.481669210681	0
1	2113	105.491669210681	0.008143395124
1	2118	105.7052077664	0
1	2122	106.063205687296	0
1	2126	106.370771430191	0
1	2130	107.201965649304	0
1	2134	107.268147625539	0
1	2138	107.511285720211	0
1	2142	107.687861829202	0
1	2146	107.727950268219	0
1	2150	107.741168670358	0
1	2154	107.88481796638	0
1	2158	108.01777951629	0
1	2162	108.191492662583	0
1	2166	108.950297419201	0
1	2170	109.260099755032	0
1	2174	109.678411069557	0
1	2178	109.864933440611	0
1	2182	109.947479413956	0
1	2186	109.996762578399	0
1	2190	110.648546773836	0
1	2194	110.77000263156	0
1	2198	110.822718054127	0
1	2202	111.244895809004	0
1	2206	111.841335944099	0
1	2210	111.97689634451	0
1	2214	112.544224383185	0
1	2218	112.795671782299	0
1	2222	113.116763534913	0
1	2226	113.24993203224	0
1	2230	113.449024760913	0
1	2234	113.695600853519	0
1	2238	114.110353146139	0
1	2242	114.248240053709	0
1	2246	114.317590714467	0
1	2250	114.689877043063	0
1	2254	115.067897382682	0
1	2258	115.111116626001	0
1	2262	115.303519011319	0
1	2266	115.600367507849	0
1	2269	115.610367507849	0.007334951034
1	2274	116.334964022968	0
1	2278	116.420271185375	0
1	2282	116.816820966296	0
1	2286	116.848887785193	0
1	2290	117.152101571158	0
1	2294	117.953691502133	0
1	2298	118.794063387383	0
1	2302	118.924222855855	0
1	2306	119.204357995247	0
1	2310	119.341946690939	0
1	2313	119.351946690939	0.009188735736
1	2318	119.546795372794	0
1	2322	119.609594952407	0
1	2326	119.701553215962	0
1	2330	119.807246661622	0
1	2334	119.836691669085	0
1	2338	119.948493203083	0
1	2342	120.293819879031	0
1	2346	120.364539194084	0
1	2350	120.406645851725	0
1	2354	120.509188780251	0
1	2358	120.65239784385	0
1	2362	120.678113891305	0
1	2366	120.728916166975	0
1	2370	121.518442820487	0
1	2374	121.539036493231	0
1	2378	121.643252257448	0
1	2382	122.03963032567	0
1	2386	122.208057586237	0
1	2390	122.929845787234	0
1	2394	123.014044446844	0
1	2398	123.662037040224	0
1	2402	123.973095912295	0
1	2406	124.447173428418	0
1	2410	124.553165744272	0
1	2414	124.85065169514	0
1	2418	124.939681563021	0
1	2422	125.020718139489	0
1	2426	125.122716306259	0
1	2430	125.139632204611	0
1	2434	125.211490985636	0
1	2438	125.316084516367	0
1	2442	125.614610949205	0
1	2446	125.667465042032	0
1	2450	126.188779402496	0
1	2454	126.217204504775	0
1	2458	126.295904987	0
1	2462	126.30688646151	0
1	2466	126.917858417311	0
1	2470	127.17648798907	0
1	2475	127.18648798907	0.007190681752
1	2477	127.19648798907	0.01489203171
1	2482	127.334080694203	0
1	2486	127.628521525802	0
1	2490	127.701169969582	0
1	2494	127.732956605513	0
1	2498	128.161833698416	0
1	2502	128.178406153	0
1	2506	128.23610869507	0
1	2510	128.254883604527	0
1	2514	128.481159358048	0
1	2518	128.704136842429	0
1	2522	129.036729998564	0
1	2526	129.093034803058	0
1	2530	129.206213711385	0
1	2534	129.315345254338	0
1	2538	129.594319072591	0
1	2542	129.75732273877	0
1	2546	130.111246703412	0
1	2550	130.50525821653	0
1	2554	130.60055393305	0
1	2558	130.860243060171	0
1	2562	130.880549876959	0
1	2566	130.943581882702	0
1	2570	131.002762257352	0
1	2574	131.030955834235	0
1	2578	131.210221675239	0
1	2582	131.221614981732	0
1	2586	131.351049922541	0
1	2590	131.422842186216	0
1	2594	131.556702760613	0
1	2598	131.617497072459	0
1	2602	131.740184890377	0
1	2606	131.861997781442	0
1	2610	132.010714419797	0
1	2614	132.240662697347	0
1	2618	132.357347451554	0
1	2622	132.595246701821	0
1	2626	132.97821515335	0
1	2630	133.044895821025	0
1	2634	133.158529917773	0
1	2638	133.254113515275	0
1	2642	133.60485644428	0
1	2646	133.644827551864	0
1	2650	133.787229164989	0
1	2654	134.097978265395	0
1	2658	134.116045714211	0
1	2662	134.127751294	0
1	2666	134.3435366757	0
1	2670	134.582339349819	0
1	2674	134.62862354421	0
1	2678	134.930266590535	0
1	2682	135.306090277377	0
1	2686	135.606572836119	0
1	2690	135.835310960236	0
1	2694	135.895375976293	0
1	2698	135.934668353472	0
1	2702	136.028289644119	0
1	2706	136.042773466142	0
1	2710	136.219925595348	0
1	2713	136.229925595348	0.008052918132
1	2718	136.285589446792	0
1	2722	136.73080624468	0
1	2726	136.823484250188	0
1	2730	136.852134854464	0
1	2734	136.896028486643	0
1	2738	137.198120806888	0
1	2742	137.321304663645	0
1	2746	137.839794385402	0
1	2749	137.849794385402	0.000872390101
1	2754	138.100100692169	0
1	2758	138.421784261986	0
1	2762	138.556774456717	0
1	2766	138.572790227906	0
1	2770	138.699576653204	0
1	2774	138.845885721031	0
1	2778	139.274505661117	0
1	2782	139.347795919484	0
1	2786	139.481842294799	0
1	2790	139.654175793158	0
1	2794	139.761256663377	0
1	2798	140.402218429299	0
1	2802	140.440477638479	0
1	2806	140.6479266573	0
1	2810	140.776908355533	0
1	2813	140.786908355533	0.00279943405
1	2818	141.090278605272	0
1	2822	141.202843645635	0
1	2826	141.365423317872	0
1	2830	141.508100174432	0
1	2834	141.542939206507	0
1	2838	141.69658987488	0
1	2842	141.727646991981	0
1	2846	141.956406067805	0
1	2850	142.166063888796	0
1	2854	142.231098062894	0
1	2858	142.386066538795	0
1	2862	142.413657185181	0
1	2866	142.49246869957	0
1	2870	142.592207166144	0
1	2874	142.624009569504	0
1	2878	143.250575467413	0
1	2882	143.28541521073	0
1	2886	143.32685224718	0
1	2890	143.354569611465	0
1	2894	143.823217597484	0
1	2898	143.99620521937	0
1	2902	144.153172623288	0
1	2906	144.17253211775	0
1	2910	144.29462868675	0
1	2914	144.777431972852	0
1	2918	145.204916310935	0
1	2922	145.222239709824	0
1	2926	145.344960551772	0
1	2930	145.667226951596	0
1	2934	145.924819346611	0
1	2938	146.344146601316	0
1	2942	146.445987098689	0
1	2946	146.465611003215	0
1	2950	146.934384931375	0
1	2954	147.045516714007	0
1	2958	147.279769452996	0
1	2962	147.407964162049	0
1	2966	147.648506918815	0
1	2970	147.822100915219	0
1	2974	147.901517105223	0
1	2978	148.153445339348	0
1	2982	148.436202005256	0
1	2985	148.446202005256	0.004511579914
1	2990	148.643844257962	0
1	2994	148.906748677579	0
1	2998	148.96164138198	0
1	3002	149.252953424295	0
1	3006	149.287952433939	0
1	3009	149.297952433939	0.00803711272
1	3014	149.608226545778	0
1	3018	149.6819431337	0
1	3022	150.321594129054	0
1	3026	150.374612749335	0
1	3030	150.497161838308	0
1	3034	150.637166965531	0
1	3038	150.815967246067	0
1	3042	151.430582290624	0
1	3046	151.820577672993	0
1	3050	151.983781385786	0
1	3054	152.105992898043	0
1	3058	152.126503276644	0
1	3062	152.733291791124	0
1	3066	152.927693969336	0
1	3070	153.099180989859	0
1	3074	153.496768880828	0
1	3078	153.840582743186	0
1	3082	153.874890468661	0
1	3086	154.353926426539	0
1	3090	155.330626224608	0
1	3094	155.66867321556	0
1	3098	155.686439692091	0
1	3102	155.721171004733	0
1	3106	155.74101531003	0
1	3110	155.939271211182	0
1	3114	156.140081445958	0
1	3118	156.241725336769	0
1	3122	156.838081268234	0
1	3126	156.851034406792	0
1	3130	157.403155297929	0
1	3134	157.513496020447	0
1	3138	157.632112339912	0
1	3142	157.691978016396	0
1	3146	157.952145501888	0
1	3150	158.330291332774	0
1	3154	158.601435035544	0
1	3157	158.611435035544	0.003225628952
1	3162	158.681550437351	0
1	3166	159.320302811887	0
1	3170	159.345817526646	0
1	3174	159.433632923764	0
1	3178	159.5509866851	0
1	3182	159.639217647246	0
1	3186	159.738659504515	0
1	3189	159.748659504515	0.006707343203
1	3194	159.893745116162	0
1	3198	159.934715569591	0
1	3202	160.308043663627	0
1	3206	160.410629061993	0
1	3210	160.564321577471	0
1	3214	161.094159229917	0
1	3218	161.322215005301	0
1	3222	161.343201554767	0
1	3226	161.53110195194	0
1	3230	162.112285872671	0
1	3234	162.133020039999	0
1	3238	162.540278877453	0
1	3242	162.559587133259	0
1	3246	162.680673889587	0
1	3250	162.69219247295	0
1	3254	162.771305593029	0
1	3258	162.789407087059	0
1	3262	162.842394074586	0
1	3266	162.896538952733	0
1	3270	163.087163460386	0
1	3274	163.453071891558	0
1	3277	163.463071891558	0.003273215816
1	3282	163.60758267973	0
1	3285	163.61758267973	0.006854175245
1	3290	163.754657484023	0
1	3294	163.866659158689	0
1	3298	164.076527591874	0
1	3302	164.090627981546	0
1	3306	164.247939799924	0
1	3310	164.305994482949	0
1	3313	164.315994482949	0.003399202989
1	3318	164.36258544329	0
1	3322	164.536157817268	0
1	3326	164.594547031614	0
1	3330	164.889431476571	0
1	3334	164.917526619962	0
1	3338	165.011920237516	0
1	3341	165.021920237516	0.007578150988
1	3346	165.149413260562	0
1	3350	165.173956262025	0
1	3354	165.973468957369	0
1	3358	166.166187496627	0
1	3362	166.222302681862	0
1	3366	166.954215105554	0
1	3370	167.047999371009	0
1	3374	167.976055370199	0
1	3377	167.986055370199	0.000653019653
1	3382	168.090608509698	0
1	3386	168.164840853858	0
1	3390	168.200416205429	0
1	3394	168.556603140407	0
1	3398	168.760246656168	0
1	3402	169.089283341583	0
1	3406	169.224072030427	0
1	3410	169.428415699909	0
1	3414	170.337980470281	0
1	3418	170.429786055778	0
1	3422	170.443292887153	0
1	3426	170.518305275777	0
1	3430	170.824093049919	0
1	3434	171.147825263203	0
1	3438	171.215872707126	0
1	3442	171.230483038557	0
1	3446	171.285744077143	0
1	3450	171.515876595729	0
1	3454	171.73311725796	0
1	3458	171.828959796857	0
1	3462	171.885449139249	0
1	3466	172.086435801061	0
1	3470	172.305674313263	0
1	3474	172.828802499747	0
1	3478	172.974478014354	0
1	3482	173.359225728488	0
1	3486	173.469586152816	0
1	3490	173.607288930425	0
1	3494	173.769084869452	0
1	3498	173.880750227305	0
1	3502	173.948419451045	0
1	3506	174.294243378582	0
1	3510	174.539469821029	0
1	3514	174.807525013425	0
1	3518	174.914704772493	0
1	3522	175.03323625608	0
1	3526	175.122664236599	0
1	3530	175.816793252706	0
1	3534	176.169610731144	0
1	3538	176.259858490842	0
1	3542	176.777823719941	0
1	3546	176.879168362721	0
1	3549	176.889168362721	0.000580145789
1	3554	177.156992165169	0
1	3558	177.209948619837	0
1	3562	177.329182998116	0
1	3566	177.414884518952	0
1	3570	177.96871341552	0
1	3574	178.306157073272	0
1	3578	178.365631778854	0
1	3582	179.21223493812	0
1	3586	179.308410582981	0
1	3590	180.002981724162	0
1	3594	180.241879712864	0
1	3598	180.712546666479	0
1	3602	181.167288099817	0
1	3606	181.237641576903	0
1	3610	181.26344927754	0
1	3614	182.229393327134	0
1	3618	182.284687870443	0
1	3622	182.34206968952	0
1	3626	182.393892140696	0
1	3630	182.416281048925	0
1	3634	182.550757629333	0
1	3638	183.15375128377	0
1	3642	183.59799412041	0
1	3646	183.651157430214	0
1	3650	183.739824309414	0
1	3654	183.973911455417	0
1	3658	184.071215283369	0
1	3662	184.083240957195	0
1	3666	184.580367174064	0
1	3670	184.842759790281	0
1	3674	184.866926069534	0
1	3678	185.293866548442	0
1	3682	185.493326333275	0
1	3686	185.556937242313	0
1	3690	185.585437831443	0
1	3694	185.680740995638	0
1	3698	185.774500133966	0
1	3702	185.868275765092	0
1	3706	185.946708023017	0
1	3710	186.222999838987	0
1	3714	186.45095892032	0
1	3718	186.505270078656	0
1	3722	186.822741524594	0
1	3726	186.860454469444	0
1	3730	187.000663571309	0
1	3734	187.119973554684	0
1	3738	187.190237810992	0
1	3742	187.262853579029	0
1	3746	187.6970987553	0
1	3750	188.062604008863	0
1	3754	188.149336979938	0
1	3758	188.203630973224	0
1	3762	188.471811318142	0
1	3766	188.611398827908	0
1	3770	188.773497457344	0
1	3774	189.344982526907	0
1	3778	189.389991025679	0
1	3782	189.591014155393	0
1	3786	189.750058595655	0
1	3790	190.153975496299	0
1	3794	190.300620564035	0
1	3798	190.864002910028	0
1	3802	190.949785277182	0
1	3806	191.227656978572	0
1	3809	191.237656978572	0.005014380854
1	3814	191.47315406666	0
1	3818	191.505382582425	0
1	3822	192.193571391942	0
1	3826	192.221850014489	0
1	3830	193.258875899096	0
1	3834	193.505019669302	0
1	3838	193.625250598579	0
1	3842	193.87218657379	0
1	3846	193.886887849274	0
1	3850	194.076108197525	0
1	3854	194.145394863024	0
1	3858	194.368286509367	0
1	3862	194.401345111831	0
1	3866	194.520011225483	0
1	3870	194.628091765003	0
1	3874	194.866288055682	0
1	3878	194.894437086768	0
1	3882	194.989505020696	0
1	3886	195.174832740755	0
1	3890	195.195911966737	0
1	3894	195.292427009769	0
1	3898	195.937490226512	0
1	3902	196.388985584663	0
1	3906	196.404023946496	0
1	3910	197.091148624992	0
1	3913	197.101148624992	0.00610214141
1	3918	197.253368302503	0
1	3922	198.031550320585	0
1	3926	198.095818381159	0
1	3930	198.127964389272	0
1	3934	198.307374992093	0
1	3938	198.367245592681	0
1	3942	198.82138761416	0
1	3946	198.869936701632	0
1	3950	198.974358962514	0
1	3954	199.14781736628	0
1	3958	199.308444720664	0
2	4	0.01	0.01
2	8	0.169174900913	0.01
2	12	0.34888697861	0.01
2	16	0.600073130219	0.01
2	20	0.971993972634	0.01
2	24	1.156638598928	0.01
2	28	1.546947666105	0.01
2	32	1.704387894101	0.01
2	36	2.080180704942	0.01
2	40	2.190390402276	0.01
2	44	2.385791687555	0.01
2	48	2.593423547688	0.01
2	52	2.690449180432	0.01
2	56	2.805553019809	0.01
2	60	2.876184847637	0.01
2	64	3.320889732044	0.01
2	68	3.332566665863	0.01
2	72	3.995549121849	0.01
2	76	4.059220350017	0.01
2	80	4.155940771007	0.01
2	84	4.285830040657	0.01
2	88	4.599609264182	0.01
2	92	4.934051504247	0.01
2	96	5.08458632691	0.01
2	100	5.215362840354	0.01
2	104	5.383249410934	0.01
2	108	5.483023812737	0.01
2	112	6.002674629907	0.01
2	116	6.364348482762	0.01
2	120	6.379085553855	0.01
2	124	6.461401153104	0.01
2	128	6.479633358329	0.01
2	134	6.688555859991	0.01
2	136	6.698555859991	0.01591488232
2	140	6.784490605122	0.01
2	144	7.14198813781	0.01
2	148	7.772022123545	0.01
2	152	8.073178975272	0.01
2	156	8.103425146005	0.01
2	160	8.511487997593	0.01
2	164	8.919666440775	0.01
2	168	9.688710814603	0.01
2	172	9.817052649139	0.01
2	176	10.138100560551	0.01
2	180	10.46090097553	0.01
2	184	10.584686867455	0.01
2	188	10.731679751693	0.01
2	192	11.034986946491	0.01
2	196	11.262174734833	0.01
2	200	11.287349616721	0.01
2	204	11.542395157166	0.01
2	208	11.746681532036	0.01
2	212	11.921145771044	0.01
2	216	11.952091707144	0.01
2	220	12.106258638837	0.01
2	224	12.685142734434	0.01
2	228	12.969415670453	0.01
2	232	13.116981128804	0.01
2	236	13.139370360931	0.01
2	240	13.246483504977	0.01
2	244	13.374822445383	0.01
2	248	13.436278515814	0.01
2	252	13.47751917222	0.01
2	256	13.77517013737	0.01
2	260	14.042228174295	0.01
2	264	14.164044658932	0.01
2	268	14.212854357079	0.01
2	272	14.380921298201	0.01
2	278	14.409976903659	0.01
2	280	14.419976903659	0.01620628616
2	284	14.492124779634	0.01
2	288	14.684400967447	0.01
2	292	14.716828265336	0.01
2	296	14.906227600771	0.01
2	300	14.956515987186	0.01
2	304	15.14842558266	0.01
2	308	15.246136992522	0.01
2	312	15.821719996778	0.01
2	316	16.287502671621	0.01
2	320	16.516530462561	0.01
2	324	16.636079677925	0.01
2	328	16.725183376935	0.01
2	332	16.915082293634	0.01
2	336	17.029988774982	0.01
2	340	17.495258987321	0.01
2	344	17.734480547212	0.01
2	348	17.755392792367	0.01
2	352	17.76781585046	0.01
2	356	18.467858587351	0.01
2	360	18.687641080861	0.01
2	364	18.899407907159	0.01
2	368	19.121527396296	0.01
2	372	19.1590126095	0.01
2	376	19.206253950717	0.01
2	380	19.294934756441	0.01
2	384	19.322540494127	0.01
2	388	19.600349032085	0.01
2	392	19.676141424942	0.01
2	396	19.863353736896	0.01
2	400	19.953774148941	0.01
2	404	20.032396660402	0.01
2	410	20.201282219108	0.01
2	412	20.211282219108	0.012163368717
2	416	20.324583712552	0.01
2	420	20.525757913585	0.01
2	424	21.41665728282	0.01
2	428	22.055246611231	0.01
2	432	22.076773632862	0.01
2	436	22.288338915532	0.01
2	440	22.335199219287	0.01
2	444	22.536803068371	0.01
2	448	22.571985777456	0.01
2	452	23.644005847505	0.01
2	456	23.855754390524	0.01
2	460	24.030137561249	0.01
2	464	24.088553667902	0.01
2	468	24.195566603319	0.01
2	472	24.321154919517	0.01
2	476	24.449911119838	0.01
2	480	24.505966521534	0.01
2	484	24.701339336348	0.01
2	488	24.735964827577	0.01
2	492	24.818465073561	0.01
2	496	24.841856155519	0.01
2	500	25.066489815826	0.01
2	504	25.280104255256	0.01
2	508	25.356415423931	0.01
2	512	25.386157877781	0.01
2	516	25.687484944436	0.01
2	520	25.731261063737	0.01
2	524	26.328699042107	0.01
2	528	26.420701833655	0.01
2	532	26.637955709831	0.01
2	538	26.982022041374	0.01
2	540	26.992022041374	0.017267084314
2	544	27.005183933365	0.01
2	548	27.200204320196	0.01
2	552	27.564168104053	0.01
2	556	27.788130977204	0.01
2	560	27.808337932266	0.01
2	564	28.523055606735	0.01
2	568	29.272861898652	0.01
2	572	29.69392615881	0.01
2	576	29.820393478089	0.01
2	580	29.962910196756	0.01
2	584	30.715295653657	0.01
2	588	30.726761038942	0.01
2	592	30.912456738322	0.01
2	596	31.03244611565	0.01
2	602	31.30129517008	0.01
2	606	31.31129517008	0.015961974371
2	608	31.32129517008	0.017966714559
2	612	31.429904133294	0.01
2	616	31.496386181487	0.01
2	620	32.274700206056	0.01
2	624	32.300311559118	0.01
2	628	32.389395451502	0.01
2	632	32.459630669378	0.01
2	636	32.590759926251	0.01
2	640	32.616037653536	0.01
2	644	32.849412358846	0.01
2	648	32.925952548618	0.01
2	652	33.350799988018	0.01
2	656	33.457776863169	0.01
2	660	33.958559219786	0.01
2	664	33.971818700082	0.01
2	668	34.020697789698	0.01
2	672	34.256535695111	0.01
2	676	34.423104398324	0.01
2	680	34.590323904718	0.01
2	684	34.990972009219	0.01
2	688	35.052654977239	0.01
2	692	35.194904564682	0.01
2	696	35.343056354771	0.01
2	700	35.840172826166	0.01
2	704	35.85990288785	0.01
2	708	36.367963789442	0.01
2	712	36.539542917657	0.01
2	716	36.556897014125	0.01
2	720	37.08674819986	0.01
2	724	37.151816282966	0.01
2	730	37.228528325786	0.01
2	732	37.238528325786	0.018119849867
2	736	37.450577657937	0.01
2	740	37.820043188137	0.01
2	744	37.848309330849	0.01
2	748	38.056665461685	0.01
2	752	38.308652223707	0.01
2	756	38.676908718004	0.01
2	760	38.745239551409	0.01
2	764	38.806743096161	0.01
2	768	38.847213183874	0.01
2	772	38.948653208525	0.01
2	776	39.125279016917	0.01
2	782	39.286238496877	0.01
2	784	39.296238496877	0.015937508241
2	788	39.326351439033	0.01
2	792	39.679499653516	0.01
2	798	39.771845832725	0.01
2	800	39.781845832725	0.019058691902
2	804	39.804455442069	0.01
2	808	40.030982270463	0.01
2	812	40.199598876893	0.01
2	816	40.262543209064	0.01
2	820	40.505844939751	0.01
2	824	40.771596514501	0.01
2	828	40.839665862148	0.01
2	832	41.494694497691	0.01
2	836	41.608275328387	0.01
2	840	41.665479522889	0.01
2	844	41.947684404748	0.01
2	848	42.119362998314	0.01
2	852	42.220231759632	0.01
2	856	42.399549933789	0.01
2	860	42.852296648961	0.01
2	864	43.022140811274	0.01
2	868	43.225872557278	0.01
2	872	43.276356555856	0.01
2	876	43.720657935551	0.01
2	880	44.331114266928	0.01
2	884	44.559035859635	0.01
2	888	44.677560665125	0.01
2	892	44.796836543991	0.01
2	896	45.171528519962	0.01
2	900	45.940129836611	0.01
2	904	46.18057755006	0.01
2	908	46.205282879532	0.01
2	912	46.275886906187	0.01
2	916	46.5672506179	0.01
2	920	46.903435058809	0.01
2	924	47.009579558132	0.01
2	928	47.110583307683	0.01
2	932	47.335639711052	0.01
2	936	47.761539590266	0.01
2	940	47.81902168548	0.01
2	944	47.993128850745	0.01
2	948	48.068276619226	0.01
2	952	48.495242709223	0.01
2	956	49.168116799833	0.01
2	960	49.403993386562	0.01
2	964	49.581565668649	0.01
2	968	49.839947522409	0.01
2	972	50.055514499236	0.01
2	976	50.194674391416	0.01
2	980	50.347047945675	0.01
2	984	50.972141617207	0.01
2	988	51.024553065542	0.01
2	992	51.231112467671	0.01
2	996	51.331574627323	0.01
2	1000	51.44185382535	0.01
2	1004	51.634744538449	0.01
2	1008	51.82122511453	0.01
2	1014	51.950046056195	0.01
2	1016	51.960046056195	0.01612404373
2	1020	52.080947555591	0.01
2	1024	52.152732998765	0.01
2	1028	52.404541702218	0.01
2	1032	52.620405741949	0.01
2	1036	52.688338688465	0.01
2	1040	52.756858613405	0.01
2	1044	52.853585750723	0.01
2	1048	53.046060761877	0.01
2	1052	53.322656603184	0.01
2	1056	53.434648817199	0.01
2	1060	53.856138338189	0.01
2	1064	53.885253133879	0.01
2	1068	53.906962553578	0.01
2	1072	53.977807380027	0.01
2	1076	53.997191930942	0.01
2	1080	54.16596962546	0.01
2	1084	54.253375228215	0.01
2	1088	54.432121043876	0.01
2	1092	54.592631441028	0.01
2	1098	54.763447388157	0.01
2	1100	54.773447388157	0.013159316328
2	1104	54.982089948905	0.01
2	1108	55.676597044761	0.01
2	1112	55.887766966493	0.01
2	1116	55.965192984923	0.01
2	1120	56.078115085147	0.01
2	1124	56.128131384143	0.01
2	1128	56.581858182681	0.01
2	1132	56.612316907732	0.01
2	1136	56.703951484524	0.01
2	1140	56.724415607495	0.01
2	1144	56.838907917781	0.01
2	1148	57.666469869883	0.01
2	1152	58.111452801328	0.01
2	1156	58.171765983973	0.01
2	1160	58.499945499558	0.01
2	1164	58.653960871467	0.01
2	1168	58.897364770534	0.01
2	1172	59.016179470199	0.01
2	1176	59.037301998925	0.01
2	1180	59.058278366045	0.01
2	1184	59.562134792062	0.01
2	1188	59.649003923251	0.01
2	1192	59.899525428233	0.01
2	1196	60.026217951778	0.01
2	1200	61.379296055765	0.01
2	1204	61.74724261278	0.01
2	1208	61.779616630122	0.01
2	1212	62.249652088072	0.01
2	1218	62.654833851493	0.01
2	1220	62.664833851493	0.012343417423
2	1224	62.697955549099	0.01
2	1228	62.839939134544	0.01
2	1232	63.031132419328	0.01
2	1236	63.067640139705	0.01
2	1240	63.094076881628	0.01
2	1244	63.39604157275	0.01
2	1248	63.772827350067	0.01
2	1252	64.173224649172	0.01
2	1256	64.502568469437	0.01
2	1260	64.608569045064	0.01
2	1264	64.77694523741	0.01
2	1268	64.807103439449	0.01
2	1274	64.911677445467	0.01
2	1276	64.921677445467	0.01324264289
2	1280	64.93276987944	0.01
2	1284	65.742739247201	0.01
2	1288	65.981826960457	0.01
2	1292	66.075281473739	0.01
2	1296	66.196141288109	0.01
2	1300	66.305112713738	0.01
2	1304	66.5611795545	0.01
2	1308	66.571562064937	0.01
2	1312	66.974116612178	0.01
2	1316	67.065098981136	0.01
2	1322	67.807091099517	0.01
2	1324	67.817091099517	0.016646446802
2	1328	68.197760100213	0.01
2	1334	68.250225962046	0.01
2	1336	68.260225962046	0.017643353616
2	1340	68.542141424828	0.01
2	1344	68.631391988932	0.01
2	1348	69.208314339352	0.01
2	1352	69.470174012157	0.01
2	1356	69.747432282561	0.01
2	1360	69.785091277605	0.01
2	1364	69.868013786137	0.01
2	1368	70.015240006134	0.01
2	1372	70.149732109501	0.01
2	1376	70.160906120079	0.01
2	1380	70.243701904614	0.01
2	1384	70.288329746234	0.01
2	1390	70.327895647726	0.01
2	1392	70.337895647726	0.016260905916
2	1396	70.369138532051	0.01
2	1400	70.684821076472	0.01
2	1404	70.809340545268	0.01
2	1408	70.860041686297	0.01
2	1412	71.275247898386	0.01
2	1416	71.359979318657	0.01
2	1420	71.936888176338	0.01
2	1424	72.463331948848	0.01
2	1428	72.650759692393	0.01
2	1432	72.894519053062	0.01
2	1438	73.076111858527	0.01
2	1440	73.086111858527	0.013528639071
2	1444	73.388749464709	0.01
2	1448	73.424740933019	0.01
2	1452	73.563380886927	0.01
2	1456	73.757677318546	0.01
2	1460	73.768013899705	0.01
2	1464	73.940198627041	0.01
2	1468	74.180392808349	0.01
2	1472	74.234726422417	0.01
2	1476	75.210553000016	0.01
2	1480	75.754822651199	0.01
2	1484	75.817016212193	0.01
2	1488	76.007382153701	0.01
2	1492	76.234701452752	0.01
2	1496	76.388117383666	0.01
2	1500	76.787551777164	0.01
2	1504	76.965827492546	0.01
2	1508	77.243762905301	0.01
2	1512	77.505719979573	0.01
2	1516	78.173306846344	0.01
2	1520	78.248084145525	0.01
2	1524	78.409680156205	0.01
2	1528	78.511253180742	0.01
2	1532	78.559003755312	0.01
2	1536	78.606108669996	0.01
2	1540	78.656428392619	0.01
2	1544	78.697634802316	0.01
2	1548	78.747006656076	0.01
2	1552	79.324821774456	0.01
2	1556	79.493417529539	0.01
2	1560	79.762487016186	0.01
2	1564	79.882822813491	0.01
2	1568	80.017671727418	0.01
2	1572	80.720567463525	0.01
2	1576	80.772170016313	0.01
2	1580	81.000397596885	0.01
2	1584	81.05909912727	0.01
2	1588	81.076929985269	0.01
2	1592	81.088886177852	0.01
2	1596	81.100500650275	0.01
2	1600	81.214480163336	0.01
2	1604	81.348302908074	0.01
2	1608	81.423036866953	0.01
2	1612	81.848770885859	0.01
2	1616	82.08714250659	0.01
2	1620	82.836481429355	0.01
2	1624	82.931364687422	0.01
2	1628	83.123652601736	0.01
2	1632	83.163246148803	0.01
2	1638	83.319641292978	0.01
2	1640	83.329641292978	0.015002329337
2	1644	83.710310991017	0.01
2	1648	83.724234525232	0.01
2	1652	83.996620870093	0.01
2	1656	84.224128571201	0.01
2	1660	84.354374717585	0.01
2	1664	84.475290961252	0.01
2	1668	84.701362070434	0.01
2	1672	84.855186030653	0.01
2	1676	85.041998097174	0.01
2	1680	85.495966100331	0.01
2	1684	85.746806754349	0.01
2	1688	86.674737259624	0.01
2	1692	86.801523263503	0.01
2	1696	86.850421467912	0.01
2	1700	86.972188050659	0.01
2	1704	87.189768937382	0.01
2	1708	87.663552571549	0.01
2	1712	87.724673551912	0.01
2	1718	87.75419275849	0.01
2	1720	87.76419275849	0.015826556278
2	1724	87.810436484521	0.01
2	1728	88.094513175638	0.01
2	1732	88.521225833133	0.01
2	1736	88.598363371942	0.01
2	1740	89.067932124228	0.01
2	1744	89.164659801726	0.01
2	1748	89.372229816824	0.01
2	1752	89.549730202521	0.01
2	1756	89.628244808159	0.01
2	1760	89.983873475526	0.01
2	1764	90.13054701016	0.01
2	1770	90.328847868739	0.01
2	1772	90.338847868739	0.019988929621
2	1776	90.741023187294	0.01
2	1780	90.815775846057	0.01
2	1784	90.879690777032	0.01
2	1788	90.990524942842	0.01
2	1792	91.31046883121	0.01
2	1796	91.743621567385	0.01
2	1800	91.784691121132	0.01
2	1804	92.012502651267	0.01
2	1808	92.623139585186	0.01
2	1812	92.744948507728	0.01
2	1816	92.977571164413	0.01
2	1820	93.109671780363	0.01
2	1824	93.158215479097	0.01
2	1828	93.469148066659	0.01
2	1832	94.058044122144	0.01
2	1836	94.110172148019	0.01
2	1840	94.372673746612	0.01
2	1844	94.7972230774	0.01
2	1848	94.855813369097	0.01
2	1852	94.931099239401	0.01
2	1856	94.979083943288	0.01
2	1860	95.610503051571	0.01
2	1864	95.756548584619	0.01
2	1870	95.884186305738	0.01
2	1872	95.894186305738	0.014800450961
2	1876	96.138056010367	0.01
2	1880	96.184561014044	0.01
2	1884	96.217935942291	0.01
2	1888	96.328503616421	0.01
2	1892	96.590698090053	0.01
2	1896	96.684433385248	0.01
2	1900	96.892274512564	0.01
2	1904	97.016840374517	0.01
2	1908	97.065224303471	0.01
2	1912	97.130267507066	0.01
2	1916	97.171539105787	0.01
2	1920	97.348296236994	0.01
2	1924	97.677911471626	0.01
2	1928	98.076719311881	0.01
2	1932	98.351655302641	0.01
2	1936	98.376661820626	0.01
2	1940	98.601353920536	0.01
2	1944	98.747058689083	0.01
2	1948	98.81189851178	0.01
2	1952	98.840226918739	0.01
2	1956	98.878679206907	0.01
2	1960	99.131041741604	0.01
2	1964	99.37484161064	0.01
2	1968	99.47569759729	0.01
2	1972	99.600104981106	0.01
2	1976	99.766780629235	0.01
2	1980	100.133833309823	0.01
2	1984	100.174325062563	0.01
2	1988	100.220173927604	0.01
2	1992	100.251469081681	0.01
2	1996	100.287523941597	0.01
2	2000	100.421432059769	0.01
2	2004	100.448100184424	0.01
2	2008	100.535991262523	0.01
2	2012	100.792076133319	0.01
2	2018	101.356203323002	0.01
2	2020	101.366203323002	0.013814741688
2	2024	101.6522995366	0.01
2	2028	101.927168139484	0.01
2	2032	102.203360758617	0.01
2	2036	102.22279429429	0.01
2	2040	102.690892686421	0.01
2	2044	102.739932304949	0.01
2	2048	102.757354021601	0.01
2	2052	103.034017314831	0.01
2	2056	103.194695667364	0.01
2	2060	103.457820919023	0.01
2	2066	103.633463934767	0.01
2	2068	103.643463934767	0.010662451271
2	2072	104.296500763661	0.01
2	2076	104.343431933512	0.01
2	2080	104.412535850254	0.01
2	2084	104.480166793223	0.01
2	2088	104.535272380631	0.01
2	2092	104.761456076469	0.01
2	2096	104.78259351129	0.01
2	2102	104.795616084247	0.01
2	2104	104.805616084247	0.016686781116
2	2108	104.961157507577	0.01
2	2114	105.491669210681	0.01
2	2116	105.501669210681	0.018143395124
2	2120	105.7152077664	0.01
2	2124	106.073205687296	0.01
2	2128	106.380771430191	0.01
2	2132	107.211965649304	0.01
2	2136	107.278147625539	0.01
2	2140	107.521285720211	0.01
2	2144	107.697861829202	0.01
2	2148	107.737950268219	0.01
2	2152	107.751168670358	0.01
2	2156	107.89481796638	0.01
2	2160	108.02777951629	0.01
2	2164	108.201492662583	0.01
2	2168	108.960297419201	0.01
2	2172	109.270099755032	0.01
2	2176	109.688411069557	0.01
2	2180	109.874933440611	0.01
2	2184	109.957479413956	0.01
2	2188	110.006762578399	0.01
2	2192	110.658546773836	0.01
2	2196	110.78000263156	0.01
2	2200	110.832718054127	0.01
2	2204	111.254895809004	0.01
2	2208	111.851335944099	0.01
2	2212	111.98689634451	0.01
2	2216	112.554224383185	0.01
2	2220	112.805671782299	0.01
2	2224	113.126763534913	0.01
2	2228	113.25993203224	0.01
2	2232	113.459024760913	0.01
2	2236	113.705600853519	0.01
2	2240	114.120353146139	0.01
2	2244	114.258240053709	0.01
2	2248	114.327590714467	0.01
2	2252	114.699877043063	0.01
2	2256	115.077897382682	0.01
2	2260	115.121116626001	0.01
2	2264	115.313519011319	0.01
2	2270	115.610367507849	0.01
2	2272	115.620367507849	0.017334951034
2	2276	116.344964022968	0.01
2	2280	116.430271185375	0.01
2	2284	116.826820966296	0.01
2	2288	116.858887785193	0.01
2	2292	117.162101571158	0.01
2	2296	117.963691502133	0.01
2	2300	118.804063387383	0.01
2	2304	118.934222855855	0.01
2	2308	119.214357995247	0.01
2	2314	119.351946690939	0.01
2	2316	119.361946690939	0.019188735736
2	2320	119.556795372794	0.01
2	2324	119.619594952407	0.01
2	2328	119.711553215962	0.01
2	2332	119.817246661622	0.01
2	2336	119.846691669085	0.01
2	2340	119.958493203083	0.01
2	2344	120.303819879031	0.01
2	2348	120.374539194084	0.01
2	2352	120.416645851725	0.01
2	2356	120.519188780251	0.01
2	2360	120.66239784385	0.01
2	2364	120.688113891305	0.01
2	2368	120.738916166975	0.01
2	2372	121.528442820487	0.01
2	2376	121.549036493231	0.01
2	2380	121.653252257448	0.01
2	2384	122.04963032567	0.01
2	2388	122.218057586237	0.01
2	2392	122.939845787234	0.01
2	2396	123.024044446844	0.01
2	2400	123.672037040224	0.01
2	2404	123.983095912295	0.01
2	2408	124.457173428418	0.01
2	2412	124.563165744272	0.01
2	2416	124.86065169514	0.01
2	2420	124.949681563021	0.01
2	2424	125.030718139489	0.01
2	2428	125.132716306259	0.01
2	2432	125.149632204611	0.01
2	2436	125.221490985636	0.01
2	2440	125.326084516367	0.01
2	2444	125.624610949205	0.01
2	2448	125.677465042032	0.01
2	2452	126.198779402496	0.01
2	2456	126.227204504775	0.01
2	2460	126.305904987	0.01
2	2464	126.31688646151	0.01
2	2468	126.927858417311	0.01
2	2476	127.18648798907	0.01
2	2478	127.19648798907	0.017190681752
2	2480	127.20648798907	0.02489203171
2	2484	127.344080694203	0.01
2	2488	127.638521525802	0.01
2	2492	127.711169969582	0.01
2	2496	127.742956605513	0.01
2	2500	128.171833698416	0.01
2	2504	128.188406153	0.01
2	2508	128.24610869507	0.01
2	2512	128.264883604527	0.01
2	2516	128.491159358048	0.01
2	2520	128.714136842429	0.01
2	2524	129.046729998564	0.01
2	2528	129.103034803058	0.01
2	2532	129.216213711385	0.01
2	2536	129.325345254338	0.01
2	2540	129.604319072591	0.01
2	2544	129.76732273877	0.01
2	2548	130.121246703412	0.01
2	2552	130.51525821653	0.01
2	2556	130.61055393305	0.01
2	2560	130.870243060171	0.01
2	2564	130.890549876959	0.01
2	2568	130.953581882702	0.01
2	2572	131.012762257352	0.01
2	2576	131.040955834235	0.01
2	2580	131.220221675239	0.01
2	2584	131.231614981732	0.01
2	2588	131.361049922541	0.01
2	2592	131.432842186216	0.01
2	2596	131.566702760613	0.01
2	2600	131.627497072459	0.01
2	2604	131.750184890377	0.01
2	2608	131.871997781442	0.01
2	2612	132.020714419797	0.01
2	2616	132.250662697347	0.01
2	2620	132.367347451554	0.01
2	2624	132.605246701821	0.01
2	2628	132.98821515335	0.01
2	2632	133.054895821025	0.01
2	2636	133.168529917773	0.01
2	2640	133.264113515275	0.01
2	2644	133.61485644428	0.01
2	2648	133.654827551864	0.01
2	2652	133.797229164989	0.01
2	2656	134.107978265395	0.01
2	2660	134.126045714211	0.01
2	2664	134.137751294	0.01
2	2668	134.3535366757	0.01
2	2672	134.592339349819	0.01
2	2676	134.63862354421	0.01
2	2680	134.940266590535	0.01
2	2684	135.316090277377	0.01
2	2688	135.616572836119	0.01
2	2692	135.845310960236	0.01
2	2696	135.905375976293	0.01
2	2700	135.944668353472	0.01
2	2704	136.038289644119	0.01
2	2708	136.052773466142	0.01
2	2714	136.229925595348	0.01
2	2716	136.239925595348	0.018052918132
2	2720	136.295589446792	0.01
2	2724	136.74080624468	0.01
2	2728	136.833484250188	0.01
2	2732	136.862134854464	0.01
2	2736	136.906028486643	0.01
2	2740	137.208120806888	0.01
2	2744	137.331304663645	0.01
2	2750	137.849794385402	0.01
2	2752	137.859794385402	0.010872390101
2	2756	138.110100692169	0.01
2	2760	138.431784261986	0.01
2	2764	138.566774456717	0.01
2	2768	138.582790227906	0.01
2	2772	138.709576653204	0.01
2	2776	138.855885721031	0.01
2	2780	139.284505661117	0.01
2	2784	139.357795919484	0.01
2	2788	139.491842294799	0.01
2	2792	139.664175793158	0.01
2	2796	139.771256663377	0.01
2	2800	140.412218429299	0.01
2	2804	140.450477638479	0.01
2	2808	140.6579266573	0.01
2	2814	140.786908355533	0.01
2	2816	140.796908355533	0.01279943405
2	2820	141.100278605272	0.01
2	2824	141.212843645635	0.01
2	2828	141.375423317872	0.01
2	2832	141.518100174432	0.01
2	2836	141.552939206507	0.01
2	2840	141.70658987488	0.01
2	2844	141.737646991981	0.01
2	2848	141.966406067805	0.01
2	2852	142.176063888796	0.01
2	2856	142.241098062894	0.01
2	2860	142.396066538795	0.01
2	2864	142.423657185181	0.01
2	2868	142.50246869957	0.01
2	2872	142.602207166144	0.01
2	2876	142.634009569504	0.01
2	2880	143.260575467413	0.01
2	2884	143.29541521073	0.01
2	2888	143.33685224718	0.01
2	2892	143.364569611465	0.01
2	2896	143.833217597484	0.01
2	2900	144.00620521937	0.01
2	2904	144.163172623288	0.01
2	2908	144.18253211775	0.01
2	2912	144.30462868675	0.01
2	2916	144.787431972852	0.01
2	2920	145.214916310935	0.01
2	2924	145.232239709824	0.01
2	2928	145.354960551772	0.01
2	2932	145.677226951596	0.01
2	2936	145.934819346611	0.01
2	2940	146.354146601316	0.01
2	2944	146.455987098689	0.01
2	2948	146.475611003215	0.01
2	2952	146.944384931375	0.01
2	2956	147.055516714007	0.01
2	2960	147.289769452996	0.01
2	2964	147.417964162049	0.01
2	2968	147.658506918815	0.01
2	2972	147.832100915219	0.01
2	2976	147.911517105223	0.01
2	2980	148.163445339348	0.01
2	2986	148.446202005256	0.01
2	2988	148.456202005256	0.014511579914
2	2992	148.653844257962	0.01
2	2996	148.916748677579	0.01
2	3000	148.97164138198	0.01
2	3004	149.262953424295	0.01
2	3010	149.297952433939	0.01
2	3012	149.307952433939	0.01803711272
2	3016	149.618226545778	0.01
2	3020	149.6919431337	0.01
2	3024	150.331594129054	0.01
2	3028	150.384612749335	0.01
2	3032	150.507161838308	0.01
2	3036	150.647166965531	0.01
2	3040	150.825967246067	0.01
2	3044	151.440582290624	0.01
2	3048	151.830577672993	0.01
2	3052	151.993781385786	0.01
2	3056	152.115992898043	0.01
2	3060	152.136503276644	0.01
2	3064	152.743291791124	0.01
2	3068	152.937693969336	0.01
2	3072	153.109180989859	0.01
2	3076	153.506768880828	0.01
2	3080	153.850582743186	0.01
2	3084	153.884890468661	0.01
2	3088	154.363926426539	0.01
2	3092	155.340626224608	0.01
2	3096	155.67867321556	0.01
2	3100	155.696439692091	0.01
2	3104	155.731171004733	0.01
2	3108	155.75101531003	0.01
2	3112	155.949271211182	0.01
2	3116	156.150081445958	0.01
2	3120	156.251725336769	0.01
2	3124	156.848081268234	0.01
2	3128	156.861034406792	0.01
2	3132	157.413155297929	0.01
2	3136	157.523496020447	0.01
2	3140	157.642112339912	0.01
2	3144	157.701978016396	0.01
2	3148	157.962145501888	0.01
2	3152	158.340291332774	0.01
2	3158	158.611435035544	0.01
2	3160	158.621435035544	0.013225628952
2	3164	158.691550437351	0.01
2	3168	159.330302811887	0.01
2	3172	159.355817526646	0.01
2	3176	159.443632923764	0.01
2	3180	159.5609866851	0.01
2	3184	159.649217647246	0.01
2	3190	159.748659504515	0.01
2	3192	159.758659504515	0.016707343203
2	3196	159.903745116162	0.01
2	3200	159.944715569591	0.01
2	3204	160.318043663627	0.01
2	3208	160.420629061993	0.01
2	3212	160.574321577471	0.01
2	3216	161.104159229917	0.01
2	3220	161.332215005301	0.01
2	3224	161.353201554767	0.01
2	3228	161.54110195194	0.01
2	3232	162.122285872671	0.01
2	3236	162.143020039999	0.01
2	3240	162.550278877453	0.01
2	3244	162.569587133259	0.01
2	3248	162.690673889587	0.01
2	3252	162.70219247295	0.01
2	3256	162.781305593029	0.01
2	3260	162.799407087059	0.01
2	3264	162.852394074586	0.01
2	3268	162.906538952733	0.01
2	3272	163.097163460386	0.01
2	3278	163.463071891558	0.01
2	3280	163.473071891558	0.013273215816
2	3286	163.61758267973	0.01
2	3288	163.62758267973	0.016854175245
2	3292	163.764657484023	0.01
2	3296	163.876659158689	0.01
2	3300	164.086527591874	0.01
2	3304	164.100627981546	0.01
2	3308	164.257939799924	0.01
2	3314	164.315994482949	0.01
2	3316	164.325994482949	0.013399202989
2	3320	164.37258544329	0.01
2	3324	164.546157817268	0.01
2	3328	164.604547031614	0.01
2	3332	164.899431476571	0.01
2	3336	164.927526619962	0.01
2	3342	165.021920237516	0.01
2	3344	165.031920237516	0.017578150988
2	3348	165.159413260562	0.01
2	3352	165.183956262025	0.01
2	3356	165.983468957369	0.01
2	3360	166.176187496627	0.01
2	3364	166.232302681862	0.01
2	3368	166.964215105554	0.01
2	3372	167.057999371009	0.01
2	3378	167.986055370199	0.01
2	3380	167.996055370199	0.010653019653
2	3384	168.100608509698	0.01
2	3388	168.174840853858	0.01
2	3392	168.210416205429	0.01
2	3396	168.566603140407	0.01
2	3400	168.770246656168	0.01
2	3404	169.099283341583	0.01
2	3408	169.234072030427	0.01
2	3412	169.438415699909	0.01
2	3416	170.347980470281	0.01
2	3420	170.439786055778	0.01
2	3424	170.453292887153	0.01
2	3428	170.528305275777	0.01
2	3432	170.834093049919	0.01
2	3436	171.157825263203	0.01
2	3440	171.225872707126	0.01
2	3444	171.240483038557	0.01
2	3448	171.295744077143	0.01
2	3452	171.525876595729	0.01
2	3456	171.74311725796	0.01
2	3460	171.838959796857	0.01
2	3464	171.895449139249	0.01
2	3468	172.096435801061	0.01
2	3472	172.315674313263	0.01
2	3476	172.838802499747	0.01
2	3480	172.984478014354	0.01
2	3484	173.369225728488	0.01
2	3488	173.479586152816	0.01
2	3492	173.617288930425	0.01
2	3496	173.779084869452	0.01
2	3500	173.890750227305	0.01
2	3504	173.958419451045	0.01
2	3508	174.304243378582	0.01
2	3512	174.549469821029	0.01
2	3516	174.817525013425	0.01
2	3520	174.924704772493	0.01
2	3524	175.04323625608	0.01
2	3528	175.132664236599	0.01
2	3532	175.826793252706	0.01
2	3536	176.179610731144	0.01
2	3540	176.269858490842	0.01
2	3544	176.787823719941	0.01
2	3550	176.889168362721	0.01
2	3552	176.899168362721	0.010580145789
2	3556	177.166992165169	0.01
2	3560	177.219948619837	0.01
2	3564	177.339182998116	0.01
2	3568	177.424884518952	0.01
2	3572	177.97871341552	0.01
2	3576	178.316157073272	0.01
2	3580	178.375631778854	0.01
2	3584	179.22223493812	0.01
2	3588	179.318410582981	0.01
2	3592	180.012981724162	0.01
2	3596	180.251879712864	0.01
2	3600	180.722546666479	0.01
2	3604	181.177288099817	0.01
2	3608	181.247641576903	0.01
2	3612	181.27344927754	0.01
2	3616	182.239393327134	0.01
2	3620	182.294687870443	0.01
2	3624	182.35206968952	0.01
2	3628	182.403892140696	0.01
2	3632	182.426281048925	0.01
2	3636	182.560757629333	0.01
2	3640	183.16375128377	0.01
2	3644	183.60799412041	0.01
2	3648	183.661157430214	0.01
2	3652	183.749824309414	0.01
2	3656	183.983911455417	0.01
2	3660	184.081215283369	0.01
2	3664	184.093240957195	0.01
2	3668	184.590367174064	0.01
2	3672	184.852759790281	0.01
2	3676	184.876926069534	0.01
2	3680	185.303866548442	0.01
2	3684	185.503326333275	0.01
2	3688	185.566937242313	0.01
2	3692	185.595437831443	0.01
2	3696	185.690740995638	0.01
2	3700	185.784500133966	0.01
2	3704	185.878275765092	0.01
2	3708	185.956708023017	0.01
2	3712	186.232999838987	0.01
2	3716	186.46095892032	0.01
2	3720	186.515270078656	0.01
2	3724	186.832741524594	0.01
2	3728	186.870454469444	0.01
2	3732	187.010663571309	0.01
2	3736	187.129973554684	0.01
2	3740	187.200237810992	0.01
2	3744	187.272853579029	0.01
2	3748	187.7070987553	0.01
2	3752	188.072604008863	0.01
2	3756	188.159336979938	0.01
2	3760	188.213630973224	0.01
2	3764	188.481811318142	0.01
2	3768	188.621398827908	0.01
2	3772	188.783497457344	0.01
2	3776	189.354982526907	0.01
2	3780	189.399991025679	0.01
2	3784	189.601014155393	0.01
2	3788	189.760058595655	0.01
2	3792	190.163975496299	0.01
2	3796	190.310620564035	0.01
2	3800	190.874002910028	0.01
2	3804	190.959785277182	0.01
2	3810	191.237656978572	0.01
2	3812	191.247656978572	0.015014380854
2	3816	191.48315406666	0.01
2	3820	191.515382582425	0.01
2	3824	192.203571391942	0.01
2	3828	192.231850014489	0.01
2	3832	193.268875899096	0.01
2	3836	193.515019669302	0.01
2	3840	193.635250598579	0.01
2	3844	193.88218657379	0.01
2	3848	193.896887849274	0.01
2	3852	194.086108197525	0.01
2	3856	194.155394863024	0.01
2	3860	194.378286509367	0.01
2	3864	194.411345111831	0.01
2	3868	194.530011225483	0.01
2	3872	194.638091765003	0.01
2	3876	194.876288055682	0.01
2	3880	194.904437086768	0.01
2	3884	194.999505020696	0.01
2	3888	195.184832740755	0.01
2	3892	195.205911966737	0.01
2	3896	195.302427009769	0.01
2	3900	195.947490226512	0.01
2	3904	196.398985584663	0.01
2	3908	196.414023946496	0.01
2	3914	197.101148624992	0.01
2	3916	197.111148624992	0.01610214141
2	3920	197.263368302503	0.01
2	3924	198.041550320585	0.01
2	3928	198.105818381159	0.01
2	3932	198.137964389272	0.01
2	3936	198.317374992093	0.01
2	3940	198.377245592681	0.01
2	3944	198.83138761416	0.01
2	3948	198.879936701632	0.01
2	3952	198.984358962514	0.01
2	3956	199.15781736628	0.01
2	3960	199.318444720664	0.01

