run TokenRing1-0-20080514-18:19:44-3248
attr configname TokenRing1
attr datetime 20080514-18:19:44
attr experiment TokenRing1
attr inifile omnetpp.ini
attr iterationvars ""
attr iterationvars2 $repetition=0
attr measurement ""
attr network TokenRing
attr processid 3248
attr repetition 0
attr replication #0
attr resultdir results
attr runnumber 0
attr seedset 0

vector 5  TokenRing.comp[0].mac  "Queue length (packets)"  ETV
vector 6  TokenRing.comp[0].mac  "Queue length (bytes)"  ETV
vector 9  TokenRing.comp[1].mac  "Queue length (packets)"  ETV
vector 10  TokenRing.comp[1].mac  "Queue length (bytes)"  ETV
vector 13  TokenRing.comp[2].mac  "Queue length (packets)"  ETV
vector 14  TokenRing.comp[2].mac  "Queue length (bytes)"  ETV
vector 17  TokenRing.comp[3].mac  "Queue length (packets)"  ETV
vector 18  TokenRing.comp[3].mac  "Queue length (bytes)"  ETV
vector 21  TokenRing.comp[4].mac  "Queue length (packets)"  ETV
vector 22  TokenRing.comp[4].mac  "Queue length (bytes)"  ETV
vector 11  TokenRing.comp[1].mac  "Queueing time (sec)"  ETV
vector 15  TokenRing.comp[2].mac  "Queueing time (sec)"  ETV
vector 4  TokenRing.comp[4].sink  "End-to-End Delay"  ETV
vector 19  TokenRing.comp[3].mac  "Queueing time (sec)"  ETV
vector 23  TokenRing.comp[4].mac  "Queueing time (sec)"  ETV
vector 0  TokenRing.comp[0].sink  "End-to-End Delay"  ETV
vector 7  TokenRing.comp[0].mac  "Queueing time (sec)"  ETV
vector 3  TokenRing.comp[3].sink  "End-to-End Delay"  ETV
vector 1  TokenRing.comp[1].sink  "End-to-End Delay"  ETV
vector 2  TokenRing.comp[2].sink  "End-to-End Delay"  ETV
0	56	0.022021	0.022021
0	129	0.048386	0.022694619918
0	206	0.084013	0.008941238485
0	216	0.088161	0.027072970457
0	226	0.088373	0.026420883198
0	304	0.115937	0.003735308581
0	312	0.121857	0.008001185502
0	336	0.136741	0.00961655658
0	409	0.169361999999	0.022471982189
0	449	0.184609999999	0.00528646664
0	457	0.192191999999	0.049770532385
0	548	0.228012999999	0.045576920526
0	598	0.250658999999	0.037971488635
0	608	0.254724999999	0.024042557311
0	669	0.279509999999	0.01892613822
0	781	0.338581999998	0.013910414313
0	989	0.429061999997	0.057466983625
0	1059	0.467235999996	0.008266731943
0	1067	0.472471999996	0.067546928593
0	1117	0.490357999995	0.017630785019
0	1172	0.506644999995	0.009978952977
0	1180	0.512346999995	0.030994235934
0	1188	0.514674999995	0.011509063002
0	1228	0.530578999994	0.028472948537
0	1416	0.616064999994	0.01639567602
0	1469	0.633419999994	0.003857550869
0	1540	0.672742999994	0.009798439081
0	1556	0.677026999994	0.011057194299
0	1625	0.710693999994	0.009176531082
0	1663	0.727187999994	0.041181503002
0	1675	0.729663999994	0.011486950434
0	1693	0.731441999994	0.003692364804
0	1738	0.749164999994	0.006869164807
0	1746	0.751758999994	0.011124215774
0	1843	0.793897999993	0.016209788785
0	1882	0.810466999993	0.02320316097
0	1898	0.816318999993	0.028575287976
0	1953	0.845703999991	0.01353717053
0	2060	0.905170999991	0.026204239775
0	2082	0.913538999991	0.028265946806
0	2116	0.920430999991	0.023628731921
0	2139	0.924279999991	0.014583067974
0	2192	0.94292299999	0.006675304063
0	8544	1.00395699999	0.005562118872
0	8564	1.012492999989	0.004117550166
0	8682	1.073250999989	0.012884948025
0	13997	1.220947999987	0.001936195225
0	19779	1.263143999987	0.011023990534
0	19862	1.301480999987	0.03153765826
0	19900	1.325066999986	0.049183344456
0	19910	1.326682999986	0.030067568563
0	20025	1.371703999985	0.00763860876
0	20100	1.399598999985	0.039130094162
0	20108	1.403748999985	0.022679107172
0	20158	1.428932999985	0.023145504547
0	20215	1.454157999984	0.040184762893
0	20257	1.478821999984	0.019879990966
0	20380	1.529334999984	0.045823933855
0	20430	1.553196999983	0.01281501633
0	20485	1.573583999983	0.0355217683
0	20624	1.631800999983	0.012164988748
0	20632	1.632434999983	0.01807670367
0	21875	1.639021999982	0.003943914848
0	25687	1.656659999982	0.008020735769
0	25757	1.683287999982	0.003539678364
0	39365	1.781621999981	0.008441362353
0	39462	1.82838899998	0.036997951509
0	39490	1.83940899998	0.02481999367
0	39619	1.89907199998	0.030613001697
0	39682	1.925236999979	0.037377685486
0	39726	1.945488999979	0.042575583189
0	39744	1.949900999979	0.01927424642
0	39752	1.951206999979	0.001888091535
0	39819	1.985591999979	0.053213018929
0	39859	2.004877999978	0.02500330441
0	39903	2.030513999978	0.020489440166
0	40062	2.100246999978	0.033482285829
0	40086	2.112776999978	0.016151530023
0	40128	2.141878999978	0.064402349542
0	40172	2.163934999978	0.004655659989
0	40200	2.175412999978	0.070676540498
0	40210	2.176718999978	0.048193071967
0	40456	2.293933999977	0.040710701591
1	89	0.034394	0.008651407891
1	114	0.046597	0.027790713302
1	142	0.052583	0.011805620574
1	182	0.074143	0.006751512203
1	357	0.142453999999	0.019554339211
1	486	0.204674999999	0.037088472707
1	498	0.207584999999	0.026755987061
1	633	0.268067999999	0.022137746304
1	740	0.321058999999	0.014233879359
1	754	0.327626999999	0.070510919364
1	762	0.333230999999	0.060012974332
1	790	0.344492999998	0.056945906208
1	887	0.387423999997	0.062360230041
1	905	0.400353999997	0.033626385906
1	927	0.412323999997	0.061549914945
1	971	0.424325999997	0.004178642303
1	1040	0.458922999996	0.033390032987
1	1096	0.475394999995	0.04711208455
1	1134	0.493434999995	0.020412304029
1	1322	0.574756999994	0.017882050517
1	1389	0.604599999994	0.022821995128
1	1462	0.630740999994	0.021761955462
1	1494	0.647650999994	0.026435685913
1	1569	0.681545999994	0.036404761522
1	1648	0.719652999994	0.022324728311
1	1656	0.723480999994	0.008957314829
1	1757	0.757951999994	0.026900277876
1	1789	0.769051999994	0.025096917794
1	1854	0.797814999993	0.006325678046
1	1986	0.862470999991	0.023140040344
1	2006	0.878286999991	0.03029126962
1	2018	0.885714999991	0.014533104877
1	2026	0.887916999991	0.045418035677
1	2075	0.912931999991	0.056801151587
1	2091	0.916779999991	0.015940777132
1	2101	0.919149999991	0.030374332753
1	2150	0.932146999991	0.01500665995
1	6438	0.95889899999	0.00881495532
1	8480	0.97936899999	0.008953789856
1	8604	1.037002999989	0.021798704887
1	8614	1.039714999989	0.020720800457
1	8634	1.048620999989	0.023673538789
1	8763	1.106711999989	0.004150384098
1	8781	1.116439999988	0.018301265948
1	8836	1.139834999987	0.016084691237
1	8846	1.148586999987	0.044593694591
1	8866	1.155678999987	0.002348847831
1	8894	1.169900999987	0.043889566828
1	8951	1.189599999987	0.044245220054
1	8959	1.195243999987	0.024556878465
1	8971	1.200179999987	0.017999528556
1	8987	1.202381999987	0.031063649121
1	9026	1.208426999987	0.002641583091
1	11701	1.216733999987	0.005646467653
1	14006	1.226184999987	0.006182573077
1	17841	1.236157999987	7.3015289e-005
1	19736	1.243488999987	0.005448721533
1	19792	1.267164999987	0.009188416299
1	19836	1.288314999987	0.013918289727
1	19883	1.314715999986	0.030857954752
1	19947	1.341343999986	0.04122465032
1	19971	1.352503999986	0.0405741929
1	20006	1.363414999985	0.036975148907
1	20018	1.366196999985	0.025514769082
1	20050	1.381100999985	0.024804346237
1	20066	1.389862999985	0.026083084374
1	20074	1.393308999985	0.03662551095
1	20129	1.413439999985	0.032360898463
1	20191	1.441393999985	0.029875119956
1	20199	1.445325999984	0.011211347052
1	20266	1.479428999984	0.046160136553
1	20276	1.485634999984	0.022789114831
1	20298	1.495506999984	0.02149952169
1	20336	1.514582999984	0.007538248325
1	20389	1.535801999984	0.018028109699
1	20403	1.540079999983	0.049808300386
1	20413	1.543935999983	0.043021684826
1	20423	1.549507999983	0.022364825339
1	20443	1.559281999983	0.042715273689
1	20544	1.605096999983	0.026036478839
1	20564	1.613354999983	0.018329394098
1	25665	1.652775999982	0.008167991249
1	25678	1.653084999982	0.006670934003
1	25725	1.674351999982	0.005498966685
1	31141	1.691723999982	8.3079502e-005
1	39212	1.705336999982	0.005563431246
1	39222	1.714074999982	0.010107324414
1	39336	1.767240999981	0.025446817167
1	39398	1.800182999981	0.011725429032
1	39406	1.802172999981	0.038890831435
1	39471	1.83068599998	0.007183222298
1	39481	1.83584199998	0.042119025881
1	39499	1.84673599998	0.013800006314
1	39507	1.84713799998	0.022394973452
1	39541	1.86723199998	0.014646351772
1	39608	1.89464099998	0.043545109949
1	39628	1.90012699998	0.047292343233
1	39648	1.90863499998	0.012509165919
1	39705	1.933409999979	0.04047550754
1	39713	1.937215999979	0.027738371761
1	39735	1.946497999979	0.035217913298
1	39803	1.977545999979	0.017845447002
1	39884	2.019372999978	0.05326006377
1	39936	2.044240999978	0.052364669726
1	39988	2.067620999978	0.036836842976
1	39998	2.069566999978	0.022555734912
1	40006	2.071186999978	0.013858513987
1	40191	2.168413999978	0.095440811
1	40233	2.191035999978	0.023504160675
1	40276	2.208903999978	0.07519350911
1	40297	2.213507999978	0.032073066865
1	40315	2.227581999978	0.140878238013
1	40341	2.234851999978	0.07902331611
1	40349	2.235897999978	0.059930896668
1	40409	2.262904999977	0.080458499743
1	40437	2.280736999977	0.035834374763
1	40465	2.295902999977	0.024264724711
1	40473	2.298010999977	0.007095700029
1	74445	2.351353999977	0.004677249698
2	165	0.063856	0.008537172385
2	193	0.075476	0.023513774238
2	279	0.108838	0.020414021155
2	293	0.114012	0.006733715027
2	330	0.130795	0.019318663969
2	469	0.196945999999	0.018739184259
2	535	0.226781999999	0.020413759013
2	654	0.275650999999	0.034382120621
2	674	0.284678999999	0.00702182764
2	813	0.352745999998	0.019275527478
2	914	0.403504999997	0.019777655542
2	946	0.419028999997	0.013778784136
2	994	0.435440999997	0.048527221675
2	1004	0.442052999997	0.028833682277
2	1016	0.448750999997	0.02116323933
2	1081	0.473039999996	0.03495857447
2	1089	0.473305999996	0.019949871398
2	1111	0.484349999995	0.024530858117
2	1161	0.504927999995	0.027639592545
2	1260	0.542762999994	0.017923561673
2	1375	0.602385999994	0.013972734615
2	1398	0.604790999994	0.021101895252
2	1428	0.616684999994	0.012159935847
2	1713	0.740821999994	0.012438728516
2	1727	0.748607999994	0.033248095562
2	1766	0.760330999994	0.003206499421
2	1798	0.774382999994	0.009207838237
2	1871	0.805223999993	0.01358254497
2	1910	0.824300999992	0.01030210874
2	1930	0.835796999992	0.022652394015
2	1995	0.871079999991	0.009414654022
2	2047	0.899465999991	0.049394735123
2	2159	0.935129999991	0.014060152992
2	2202	0.94358099999	0.004881813857
2	6452	0.96262899999	0.007977507369
2	8489	0.98158599999	0.007700329226
2	8511	0.99093399999	0.008975624545
2	8558	1.01035899999	0.017459356873
2	8661	1.063471999989	0.031419065128
2	8669	1.065653999989	0.01703082336
2	8712	1.083242999989	0.041208451718
2	8724	1.088990999989	0.025896683673
2	8732	1.097980999989	0.015064132332
2	8742	1.102544999989	0.042170871391
2	8790	1.122778999988	0.040154162473
2	8800	1.125294999988	0.018635119111
2	8859	1.153353999987	0.019823006982
2	8877	1.157957999987	0.029862856586
2	8980	1.200496999987	0.016188700707
2	9004	1.203344999987	0.003970254477
2	19803	1.274323999987	0.020612501419
2	19847	1.295825999987	0.008364270183
2	19964	1.348444999986	0.008728981657
2	20168	1.432552999985	0.03318159056
2	20180	1.435614999985	0.013016609799
2	20220	1.455252999984	0.015485767351
2	20351	1.522383999984	0.049397482764
2	20452	1.559594999983	0.014585170837
2	20577	1.618061999983	0.031525410676
2	20587	1.620097999983	0.011207575377
2	20642	1.633860999983	0.011593301683
2	25709	1.669795999982	0.007730266449
2	25751	1.682189999982	0.012063151107
2	39310	1.753146999982	0.015070701778
2	39318	1.759268999982	0.006165480489
2	39359	1.780329999981	0.036784898897
2	39379	1.790359999981	0.043057392206
2	39391	1.797403999981	0.028717967523
2	39788	1.970466999979	0.042480396367
2	39895	2.023313999978	0.033718961171
2	39925	2.035965999978	0.070086633343
2	39979	2.061989999978	0.05441615227
2	40037	2.083237999978	0.048586560653
2	40182	2.165060999978	0.110295236295
2	40370	2.250888999978	0.013387331272
2	40380	2.254488999978	0.119943795659
2	40448	2.285593999977	0.059856876594
2	90661	2.369659999976	0.002105220735
3	73	0.02919	0.014415971566
3	156	0.061433	0.030377562745
3	176	0.068595	0.01635156518
3	239	0.091654	0.013687579519
3	265	0.106898	0.018599111806
3	347	0.138218	0.013060257938
3	371	0.149885999999	0.011174379258
3	512	0.213728999999	0.006942119518
3	520	0.216632999999	0.054348662236
3	528	0.219280999999	0.027059353208
3	623	0.260097999999	0.033093806422
3	643	0.268285999999	0.001773555418
3	687	0.292655999999	0.040873808793
3	707	0.303849999999	0.017456932038
3	774	0.337196999998	0.035339091629
3	842	0.368902999997	0.018175323158
3	856	0.375372999997	0.060547508826
3	874	0.386262999997	0.011496114715
3	939	0.414167999997	0.039989754228
3	1150	0.499592999995	0.041968139976
3	1239	0.533123999994	0.004548326923
3	1269	0.547469999994	0.029599483763
3	1279	0.552167999994	0.015179313828
3	1301	0.561329999994	0.007639023425
3	1334	0.578000999994	0.02423248444
3	1346	0.583130999994	0.033663150119
3	1366	0.596316999994	0.030841087316
3	1409	0.613489999994	0.034657017837
3	1437	0.619771999994	0.004205802957
3	1447	0.621899999994	0.005250617396
3	1484	0.639138999994	0.013887849418
3	1506	0.656530999994	0.016317735781
3	1581	0.690345999994	0.02289746227
3	1591	0.694989999994	0.031613328053
3	1615	0.704601999994	0.008536361383
3	1637	0.718891999994	0.041841629803
3	1686	0.730902999994	0.040044315409
3	1775	0.762003999994	0.020517644335
3	1834	0.789188999993	0.021161150701
3	1864	0.800356999993	0.004651630462
3	1919	0.830861999992	0.012636997725
3	1939	0.837523999992	0.02598598486
3	2038	0.895300999991	0.018347408491
3	2182	0.94273699999	0.003527151627
3	3533	0.94612399999	0.001229364805
3	8504	0.98867699999	0.017221623471
3	8579	1.020861999989	0.017856683758
3	8628	1.046334999989	0.006915581516
3	8646	1.054872999989	0.019612272006
3	8688	1.075742999989	0.035398598243
3	8753	1.103225999989	0.019233003519
3	8811	1.126709999988	0.039269216405
3	8825	1.134821999987	0.027017003193
3	8888	1.165760999987	0.016467108315
3	8906	1.170886999987	0.013875929772
3	8916	1.173722999987	0.044398757791
3	8997	1.202497999987	0.01382577099
3	9015	1.208161999987	0.010596569022
3	14798	1.233056999987	0.006096396887
3	19816	1.276416999987	0.012201039925
3	19888	1.316198999986	0.010352000808
3	19935	1.332735999986	0.053288220004
3	19957	1.341745999986	0.010882148294
3	19981	1.353097999986	0.020472703919
3	19993	1.359407999986	0.029184046989
3	20088	1.397982999985	0.017100416655
3	20138	1.418798999985	0.022071111237
3	20243	1.469927999984	0.03239507069
3	20290	1.490986999984	0.04426437938
3	20308	1.499664999984	0.007280032653
3	20318	1.503130999984	0.041299167917
3	20330	1.510908999984	0.024973447142
3	20360	1.523482999984	0.016569823227
3	20493	1.581427999983	0.019063659818
3	20513	1.589901999983	0.032911901266
3	20556	1.609954999983	0.045729351317
3	20596	1.620866999983	0.019551871325
3	25700	1.662920999982	0.007006103688
3	25737	1.678859999982	0.007122819567
3	39246	1.724800999982	0.020862724546
3	39254	1.727072999982	0.003912292999
3	39264	1.735490999982	0.023014442399
3	39291	1.745713999982	0.016475199531
3	39301	1.749103999982	0.026913096011
3	39343	1.771357999981	0.004930720551
3	39428	1.81148499998	0.045147628351
3	39438	1.81911299998	0.039108769055
3	39527	1.85596399998	0.044611180477
3	39555	1.87094999998	0.043764965975
3	39638	1.90204499998	0.030827800731
3	39763	1.955509999979	0.041746090767
3	39777	1.963825999979	0.024672323408
3	39797	1.972103999979	0.028184832264
3	39833	1.988267999979	0.050700170663
3	39948	2.048256999978	0.028835395337
3	39956	2.051912999978	0.012773684941
3	40018	2.074080999978	0.085521620976
3	40092	2.119754999978	0.106053758223
3	40118	2.135018999978	0.080406155585
3	40252	2.199515999978	0.131303751539
3	40262	2.203921999978	0.118349346021
3	40270	2.208243999978	0.097498746286
3	40288	2.210565999978	0.054450095031
3	40307	2.222549999978	0.009231988054
3	40416	2.271395999977	0.06167116891
3	40483	2.305918999977	0.042831200016
3	40491	2.306070999977	0.02329968947
4	27	0.00547	0.00547
4	35	0.009326	0.009326
4	43	0.013306	0.013306
4	84	0.034173	0.034173
4	102	0.041441	0.0146475649
4	120	0.047703	0.004681939439
4	250	0.097975	0.012043265283
4	258	0.100857	0.00777892694
4	384	0.158716999999	0.012059111979
4	392	0.160528999999	0.032211748138
4	416	0.169980999999	0.005826565489
4	424	0.176674999999	0.024435734301
4	436	0.179382999999	0.018402960113
4	479	0.199535999999	0.047110070605
4	561	0.234669999999	0.026571854628
4	569	0.236719999999	0.007143539064
4	579	0.242039999999	0.040114622685
4	589	0.248375999999	0.01490789093
4	698	0.298640999999	0.028227764548
4	720	0.312496999999	0.05503136991
4	728	0.313758999999	0.037738284392
4	801	0.345439999998	0.033495751656
4	825	0.360857999997	0.066032425508
4	833	0.362363999997	0.037585842881
4	865	0.379079999997	0.041098340171
4	895	0.393739999997	0.043398878043
4	956	0.419178999997	0.058646823736
4	966	0.420702999997	0.029117102068
4	1028	0.457202999996	0.052116077438
4	1050	0.462362999996	0.015669141176
4	1129	0.493209999995	0.048235979473
4	1195	0.517595999995	0.041779794492
4	1207	0.520099999995	0.026343030155
4	1215	0.522009999995	0.002224301205
4	1252	0.539354999994	0.040049070175
4	1294	0.559984999994	0.023646701186
4	1312	0.567824999994	0.026001828233
4	1357	0.588143999994	0.012583553742
4	1515	0.662133999994	0.025181340422
4	1527	0.665301999994	0.027585473075
4	1547	0.676101999994	0.022363053655
4	1606	0.698030999994	0.020662619475
4	1705	0.738421999994	0.041747601715
4	1810	0.777764999994	0.011095974987
4	1818	0.781944999993	0.014433411231
4	1962	0.849278999991	0.0382226564
4	1972	0.855616999991	0.020599519912
4	2107	0.920087999991	0.008479675975
4	2128	0.920624999991	0.011139468356
4	2175	0.940703999991	0.008981900836
4	4639	0.94830199999	0.001084416703
4	7364	0.96932099999	0.005797248561
4	8523	0.99596999999	0.007939329825
4	8533	1.00066799999	0.017415045563
4	8590	1.028238999989	0.018430569325
4	8697	1.079829999989	0.022367007405
4	8776	1.115218999988	0.044569112992
4	8927	1.180425999987	0.02144832849
4	8939	1.186553999987	0.009746867661
4	19753	1.252197999987	0.008707208859
4	19770	1.258512999987	0.01004148882
4	19827	1.282705999987	0.018561417645
4	19871	1.309799999986	0.014712992696
4	19917	1.328165999986	0.008371100181
4	20034	1.377796999985	0.037799311634
4	20056	1.383696999985	0.008764583364
4	20115	1.404661999985	0.008635824038
4	20149	1.425721999985	0.01048109813
4	20236	1.462928999984	0.011144566904
4	20369	1.527117999984	0.006565604156
4	20468	1.566174999983	0.028555282968
4	20476	1.572544999983	0.014629814196
4	20506	1.588872999983	0.052271152637
4	20522	1.591660999983	0.006509034064
4	20532	1.600334999983	0.038985489507
4	20607	1.622369999983	0.004439862149
4	20615	1.624797999983	0.014230640849
4	25651	1.645973999982	0.003192756874
4	25769	1.685829999982	0.008962939034
4	29459	1.689973999982	0.000468374056
4	39233	1.716823999982	0.011975769619
4	39273	1.737939999982	0.020398296893
4	39419	1.803139999981	0.017101828343
4	39449	1.82452399998	0.022070299951
4	39536	1.86459499998	0.028000383586
4	39570	1.87907099998	0.031215367112
4	39578	1.88581899998	0.017993033263
4	39586	1.88750899998	0.033859006211
4	39596	1.89137899998	0.020177678392
4	39661	1.910619999979	0.034706310538
4	39673	1.917967999979	0.019790451666
4	39689	1.927913999979	0.023348468422
4	39826	1.988178999979	0.029544169908
4	39848	1.996744999978	0.038239081866
4	39870	2.011466999978	0.011405010442
4	39912	2.034590999978	0.005822903023
4	39969	2.056749999978	0.075460605904
4	40027	2.075397999978	0.061649900946
4	40051	2.091379999978	0.033250155572
4	40071	2.106203999978	0.026250694907
4	40105	2.127093999978	0.086995786093
4	40141	2.150047999978	0.040986535668
4	40149	2.153061999978	0.029048402811
4	40163	2.159571999978	0.01639644353
4	40221	2.183309999978	0.037732662178
4	40239	2.191699999978	0.004071385778
4	40328	2.230624999978	0.121347243
4	40336	2.233350999978	0.112179167499
4	40362	2.242554999978	0.039031369356
4	40390	2.256492999977	0.108117512313
4	40398	2.258516999977	0.085777002527
4	40427	2.274176999977	0.046148635723
4	48578	2.320820999977	0.006681714113
5	11	0	1
5	64	0.025742592109	2
5	68	0.029187	1
5	78	0.034169	0
5	136	0.05224343482	1
5	161	0.063854	0
5	170	0.067391487797	1
5	171	0.068592	0
5	210	0.085931734717	1
5	234	0.091651	0
5	317	0.122899660788	1
5	342	0.138215	0
5	351	0.138711620741	1
5	354	0.142452999999	0
5	378	0.152425929394	1
5	403	0.167586527292	2
5	442	0.180829012938	3
5	465	0.196943999999	2
5	473	0.199531999999	1
5	483	0.204673999999	0
5	494	0.206786880481	1
5	495	0.207583999999	0
5	542	0.227004193577	1
5	585	0.245930253695	2
5	607	0.254724999999	1
5	618	0.260094999999	0
5	629	0.266512444581	1
5	630	0.268066999999	0
5	683	0.28754709379	1
5	716	0.311944248342	2
5	767	0.33347047252	3
5	780	0.338581999998	2
5	787	0.344491999998	1
5	795	0.345435999998	0
5	819	0.360532176261	1
5	891	0.391585897929	2
5	942	0.419026999997	1
5	950	0.419174999997	0
5	959	0.420147357694	1
5	960	0.420698999997	0
5	1010	0.444974020522	1
5	1074	0.473022695966	2
5	1116	0.490357999995	1
5	1123	0.493205999995	0
5	1145	0.499305929819	1
5	1222	0.524839438321	2
5	1234	0.533120999994	1
5	1246	0.539350999994	0
5	1274	0.549467849875	1
5	1327	0.575560446252	2
5	1329	0.577997999994	1
5	1341	0.583127999994	0
5	1382	0.604525064147	1
5	1415	0.616064999994	0
5	1443	0.621215314081	1
5	1479	0.639135999994	0
5	1488	0.640213264213	1
5	1491	0.647649999994	0
5	1522	0.663376671941	1
5	1576	0.690342999994	0
5	1598	0.696674398279	1
5	1670	0.728383271478	2
5	1692	0.731441999994	1
5	1699	0.738417999994	0
5	1723	0.7439550822	1
5	1770	0.762000999994	0
5	1779	0.765175161757	1
5	1786	0.769050999994	0
5	1849	0.795705369531	1
5	1851	0.797813999993	0
5	1891	0.813144605977	1
5	1914	0.830858999992	0
5	1946	0.842498964314	1
5	2001	0.8769535915	2
5	2015	0.885713999991	1
5	2023	0.887915999991	0
5	2064	0.909485531635	1
5	2115	0.920430999991	0
5	2167	0.938699186133	1
5	2191	0.94292299999	0
5	8471	0.971455376519	1
5	8485	0.98158399999	0
5	8539	1.003005316231	1
5	8563	1.012492999989	0
5	8584	1.0249474612	1
5	8597	1.035260727983	2
5	8623	1.046331999989	1
5	8631	1.048619999989	0
5	8675	1.070649886996	1
5	8736	1.09813873404	2
5	8760	1.106710999989	1
5	8770	1.115214999988	0
5	8807	1.126011433159	1
5	8871	1.157011070215	2
5	8883	1.165757999987	1
5	8891	1.169899999987	0
5	8911	1.171318350866	1
5	8944	1.188672228997	2
5	8976	1.200494999987	1
5	8984	1.202380999987	0
5	13991	1.22000242691	1
5	13996	1.220947999987	0
5	19725	1.238040278454	1
5	19727	1.238041999987	0
5	19784	1.264144582342	1
5	19807	1.27439671026	2
5	19811	1.276413999987	1
5	19821	1.282701999987	0
5	19832	1.287461729804	1
5	19833	1.288313999987	0
5	19876	1.311929807086	1
5	19928	1.332625296067	2
5	19960	1.348442999986	1
5	19968	1.352502999986	0
5	19988	1.356683489035	1
5	20040	1.38088258333	2
5	20063	1.389861999985	1
5	20071	1.393307999985	0
5	20122	1.411518880029	1
5	20174	1.434114652932	2
5	20176	1.435612999985	1
5	20188	1.441392999985	0
5	20228	1.461831832067	1
5	20281	1.485935552842	2
5	20303	1.499661999984	1
5	20313	1.503127999984	0
5	20324	1.507044751659	1
5	20325	1.510905999984	0
5	20395	1.537619717015	1
5	20438	1.557915185787	2
5	20448	1.559592999983	1
5	20462	1.566170999983	0
5	20501	1.586536589307	1
5	20549	1.608890424606	2
5	20561	1.613353999983	1
5	20573	1.618059999983	0
5	25645	1.644608008733	1
5	25652	1.645974999982	0
5	25705	1.668853033297	1
5	25712	1.669798999982	0
5	31127	1.69164092048	1
5	31132	1.691644999982	0
5	39206	1.704848230363	1
5	39219	1.714073999982	0
5	39239	1.722190903971	1
5	39286	1.745710999982	0
5	39325	1.763282168546	1
5	39371	1.786038171638	2
5	39395	1.800181999981	1
5	39403	1.802171999981	0
5	39423	1.811352819503	1
5	39485	1.836594616394	2
5	39504	1.84713699998	1
5	39517	1.852585648208	2
5	39522	1.85596099998	1
5	39530	1.86459099998	0
5	39564	1.875913689441	1
5	39614	1.898177548313	2
5	39645	1.90863399998	1
5	39655	1.910615999979	0
5	39694	1.927986603612	1
5	39721	1.943919167715	2
5	39770	1.959700552977	3
5	39772	1.963822999979	2
5	39784	1.970464999979	1
5	39792	1.972100999979	0
5	39812	1.981289394074	1
5	39863	2.007573847708	2
5	39908	2.030784157002	3
5	39941	2.047011265066	4
5	39951	2.051909999978	3
5	39963	2.056745999978	2
5	39972	2.057328485991	3
5	39975	2.061987999978	2
5	39985	2.067619999978	1
5	39995	2.069565999978	0
5	40045	2.086703761965	1
5	40077	2.109277756978	2
5	40098	2.121171832479	3
5	40154	2.155828683868	4
5	40205	2.17596710331	5
5	40255	2.203523630622	6
5	40302	2.222546999978	5
5	40312	2.227580999978	4
5	40322	2.230620999978	3
5	40330	2.233346999978	2
5	40338	2.234850999978	1
5	40346	2.235896999978	0
5	40355	2.237501668706	1
5	40356	2.242550999978	0
5	40412	2.263087799961	1
5	40442	2.282771310507	2
5	40470	2.298009999977	1
5	40478	2.305915999977	0
5	48562	2.314139285864	1
5	48566	2.314142999977	0
5	74435	2.346676750279	1
5	74436	2.346676999977	0
5	90647	2.367554779241	1
5	90651	2.367557999977	0
6	11	0	2470
6	64	0.025742592109	2561
6	68	0.029187	91
6	78	0.034169	0
6	136	0.05224343482	2348
6	161	0.063854	0
6	170	0.067391487797	2754
6	171	0.068592	0
6	210	0.085931734717	3139
6	234	0.091651	0
6	317	0.122899660788	2098
6	342	0.138215	0
6	351	0.138711620741	3694
6	354	0.142452999999	0
6	378	0.152425929394	1273
6	403	0.167586527292	3823
6	442	0.180829012938	5257
6	465	0.196943999999	3984
6	473	0.199531999999	1434
6	483	0.204673999999	0
6	494	0.206786880481	3050
6	495	0.207583999999	0
6	542	0.227004193577	2664
6	585	0.245930253695	6629
6	607	0.254724999999	3965
6	618	0.260094999999	0
6	629	0.266512444581	87
6	630	0.268066999999	0
6	683	0.28754709379	2934
6	716	0.311944248342	3385
6	767	0.33347047252	7018
6	780	0.338581999998	4084
6	787	0.344491999998	3633
6	795	0.345435999998	0
6	819	0.360532176261	53
6	891	0.391585897929	794
6	942	0.419026999997	741
6	950	0.419174999997	0
6	959	0.420147357694	1792
6	960	0.420698999997	0
6	1010	0.444974020522	1403
6	1074	0.473022695966	1496
6	1116	0.490357999995	93
6	1123	0.493205999995	0
6	1145	0.499305929819	3094
6	1222	0.524839438321	4778
6	1234	0.533120999994	1684
6	1246	0.539350999994	0
6	1274	0.549467849875	2544
6	1327	0.575560446252	5029
6	1329	0.577997999994	2485
6	1341	0.583127999994	0
6	1382	0.604525064147	288
6	1415	0.616064999994	0
6	1443	0.621215314081	4236
6	1479	0.639135999994	0
6	1488	0.640213264213	4418
6	1491	0.647649999994	0
6	1522	0.663376671941	2301
6	1576	0.690342999994	0
6	1598	0.696674398279	3467
6	1670	0.728383271478	4647
6	1692	0.731441999994	1180
6	1699	0.738417999994	0
6	1723	0.7439550822	3504
6	1770	0.762000999994	0
6	1779	0.765175161757	2644
6	1786	0.769050999994	0
6	1849	0.795705369531	1249
6	1851	0.797813999993	0
6	1891	0.813144605977	2447
6	1914	0.830858999992	0
6	1946	0.842498964314	1080
6	2001	0.8769535915	4750
6	2015	0.885713999991	3670
6	2023	0.887915999991	0
6	2064	0.909485531635	74
6	2115	0.920430999991	0
6	2167	0.938699186133	307
6	2191	0.94292299999	0
6	8471	0.971455376519	3524
6	8485	0.98158399999	0
6	8539	1.003005316231	4162
6	8563	1.012492999989	0
6	8584	1.0249474612	1123
6	8597	1.035260727983	4227
6	8623	1.046331999989	3104
6	8631	1.048619999989	0
6	8675	1.070649886996	4231
6	8736	1.09813873404	4822
6	8760	1.106710999989	591
6	8770	1.115214999988	0
6	8807	1.126011433159	2050
6	8871	1.157011070215	2521
6	8883	1.165757999987	471
6	8891	1.169899999987	0
6	8911	1.171318350866	922
6	8944	1.188672228997	958
6	8976	1.200494999987	36
6	8984	1.202380999987	0
6	13991	1.22000242691	2597
6	13996	1.220947999987	0
6	19725	1.238040278454	2702
6	19727	1.238041999987	0
6	19784	1.264144582342	3123
6	19807	1.27439671026	5908
6	19811	1.276413999987	2785
6	19821	1.282701999987	0
6	19832	1.287461729804	3734
6	19833	1.288313999987	0
6	19876	1.311929807086	2009
6	19928	1.332625296067	2284
6	19960	1.348442999986	275
6	19968	1.352502999986	0
6	19988	1.356683489035	1702
6	20040	1.38088258333	4017
6	20063	1.389861999985	2315
6	20071	1.393307999985	0
6	20122	1.411518880029	2869
6	20174	1.434114652932	4814
6	20176	1.435612999985	1945
6	20188	1.441392999985	0
6	20228	1.461831832067	1712
6	20281	1.485935552842	5580
6	20303	1.499661999984	3868
6	20313	1.503127999984	0
6	20324	1.507044751659	1817
6	20325	1.510905999984	0
6	20395	1.537619717015	3268
6	20438	1.557915185787	6432
6	20448	1.559592999983	3164
6	20462	1.566170999983	0
6	20501	1.586536589307	2332
6	20549	1.608890424606	3329
6	20561	1.613353999983	997
6	20573	1.618059999983	0
6	25645	1.644608008733	3379
6	25652	1.645974999982	0
6	25705	1.668853033297	2255
6	25712	1.669798999982	0
6	31127	1.69164092048	18
6	31132	1.691644999982	0
6	39206	1.704848230363	1352
6	39219	1.714073999982	0
6	39239	1.722190903971	1674
6	39286	1.745710999982	0
6	39325	1.763282168546	974
6	39371	1.786038171638	1435
6	39395	1.800181999981	461
6	39403	1.802171999981	0
6	39423	1.811352819503	4391
6	39485	1.836594616394	8685
6	39504	1.84713699998	4294
6	39517	1.852585648208	5593
6	39522	1.85596099998	1299
6	39530	1.86459099998	0
6	39564	1.875913689441	970
6	39614	1.898177548313	4623
6	39645	1.90863399998	3653
6	39655	1.910615999979	0
6	39694	1.927986603612	3300
6	39721	1.943919167715	4097
6	39770	1.959700552977	6798
6	39772	1.963822999979	3498
6	39784	1.970464999979	2701
6	39792	1.972100999979	0
6	39812	1.981289394074	2397
6	39863	2.007573847708	4997
6	39908	2.030784157002	7792
6	39941	2.047011265066	8744
6	39951	2.051909999978	6347
6	39963	2.056745999978	3747
6	39972	2.057328485991	4536
6	39975	2.061987999978	1741
6	39985	2.067619999978	789
6	39995	2.069565999978	0
6	40045	2.086703761965	2496
6	40077	2.109277756978	3995
6	40098	2.121171832479	5337
6	40154	2.155828683868	6068
6	40205	2.17596710331	6570
6	40255	2.203523630622	9876
6	40302	2.222546999978	7380
6	40312	2.227580999978	5881
6	40322	2.230620999978	4539
6	40330	2.233346999978	3808
6	40338	2.234850999978	3306
6	40346	2.235896999978	0
6	40355	2.237501668706	4147
6	40356	2.242550999978	0
6	40412	2.263087799961	3932
6	40442	2.282771310507	3987
6	40470	2.298009999977	55
6	40478	2.305915999977	0
6	48562	2.314139285864	3316
6	48566	2.314142999977	0
6	74435	2.346676750279	2317
6	74436	2.346676999977	0
6	90647	2.367554779241	1029
6	90651	2.367557999977	0
7	68	0.029187	0.029187
7	78	0.034169	0.008426407891
7	161	0.063854	0.01161056518
7	171	0.068592	0.001200512203
7	234	0.091651	0.005719265283
7	342	0.138215	0.015315339212
7	354	0.142452999999	0.003741379258
7	465	0.196943999999	0.044518070605
7	473	0.199531999999	0.031945472707
7	483	0.204673999999	0.023844987061
7	495	0.207583999999	0.000797119518
7	607	0.254724999999	0.027720806422
7	618	0.260094999999	0.014164746304
7	630	0.268066999999	0.001554555418
7	780	0.338581999998	0.051034906208
7	787	0.344491999998	0.032547751656
7	795	0.345435999998	0.011965527478
7	942	0.419026999997	0.058494823736
7	950	0.419174999997	0.027589102068
7	960	0.420698999997	0.000551642303
7	1116	0.490357999995	0.045383979473
7	1123	0.493205999995	0.020183304029
7	1234	0.533120999994	0.033815070175
7	1246	0.539350999994	0.014511561673
7	1329	0.577997999994	0.028530150119
7	1341	0.583127999994	0.007567553742
7	1415	0.616064999994	0.011539935847
7	1479	0.639135999994	0.017920685913
7	1491	0.647649999994	0.007436735781
7	1576	0.690342999994	0.026966328053
7	1692	0.731441999994	0.034767601715
7	1699	0.738417999994	0.010034728516
7	1770	0.762000999994	0.018045917794
7	1786	0.769050999994	0.003875838237
7	1851	0.797813999993	0.002108630462
7	1914	0.830858999992	0.017714394015
7	2015	0.885713999991	0.043215035677
7	2023	0.887915999991	0.010962408491
7	2115	0.920430999991	0.010945468356
7	2191	0.94292299999	0.004223813857
7	8485	0.98158399999	0.010128623471
7	8563	1.012492999989	0.009487683758
7	8623	1.046331999989	0.021384538789
7	8631	1.048619999989	0.013359272006
7	8760	1.106710999989	0.036061112993
7	8770	1.115214999988	0.017076265948
7	8883	1.165757999987	0.039746566828
7	8891	1.169899999987	0.012888929772
7	8976	1.200494999987	0.029176649121
7	8984	1.202380999987	0.01370877099
7	13996	1.220947999987	0.000945573077
7	19727	1.238041999987	1.721533e-006
7	19811	1.276413999987	0.012269417645
7	19821	1.282701999987	0.008305289727
7	19833	1.288313999987	0.000852270183
7	19960	1.348442999986	0.0365131929
7	19968	1.352502999986	0.019877703919
7	20063	1.389861999985	0.03317851095
7	20071	1.393307999985	0.012425416655
7	20176	1.435612999985	0.024094119956
7	20188	1.441392999985	0.007278347053
7	20303	1.499661999984	0.037830167917
7	20313	1.503127999984	0.017192447142
7	20325	1.510905999984	0.003861248325
7	20448	1.559592999983	0.021973282968
7	20462	1.566170999983	0.008255814196
7	20561	1.613353999983	0.026817410676
7	20573	1.618059999983	0.009169575377
7	25652	1.645974999982	0.001366991249
7	25712	1.669798999982	0.000945966685
7	31132	1.691644999982	4.079502e-006
7	39219	1.714073999982	0.009225769619
7	39286	1.745710999982	0.023520096011
7	39395	1.800181999981	0.036899831435
7	39403	1.802171999981	0.016133828343
7	39504	1.84713699998	0.035784180477
7	39522	1.85596099998	0.019366383586
7	39530	1.86459099998	0.012005351772
7	39645	1.90863399998	0.032720310539
7	39655	1.910615999979	0.012438451666
7	39772	1.963822999979	0.035836396367
7	39784	1.970464999979	0.026545832264
7	39792	1.972100999979	0.012400447002
7	39951	2.051909999978	0.070620605904
7	39963	2.056745999978	0.04917215227
7	39975	2.061987999978	0.031203842976
7	39985	2.067619999978	0.020608734912
7	39995	2.069565999978	0.012237513987
7	40302	2.222546999978	0.135843238013
7	40312	2.227580999978	0.118303243
7	40322	2.230620999978	0.109449167499
7	40330	2.233346999978	0.07751831611
7	40338	2.234850999978	0.058883896668
7	40346	2.235896999978	0.032373369356
7	40356	2.242550999978	0.005049331272
7	40470	2.298009999977	0.034922200016
7	40478	2.305915999977	0.02314468947
7	48566	2.314142999977	3.714113e-006
7	74436	2.346676999977	2.49698e-007
7	90651	2.367557999977	3.220736e-006
9	12	0	1
9	16	0.000001	0
9	66	0.0267934351	1
9	88	0.034394	0
9	134	0.051962225762	1
9	181	0.074143	0
9	189	0.075071761515	1
9	190	0.075475	0
9	243	0.09307807306	1
9	245	0.097972	0
9	285	0.112201691419	1
9	290	0.114011	0
9	363	0.14665788802	1
9	367	0.149883999999	0
9	399	0.162284337763	1
9	463	0.192221646791	2
9	492	0.206368240986	3
9	508	0.213726999999	2
9	516	0.216630999999	1
9	524	0.219278999999	0
9	575	0.241268879378	1
9	627	0.260583861779	2
9	639	0.268283999999	1
9	651	0.275649999999	0
9	662	0.277657172359	1
9	663	0.279505999999	0
9	693	0.294825574489	1
9	747	0.324778157116	2
9	806	0.350727676839	3
9	810	0.352744999998	2
9	820	0.360854999997	1
9	828	0.362360999997	0
9	848	0.371595016372	1
9	881	0.386913778322	2
9	932	0.41321931772	3
9	970	0.424325999997	2
9	980	0.427587760667	3
9	983	0.429057999997	2
9	991	0.435439999997	1
9	1001	0.442051999997	0
9	1033	0.457624860019	1
9	1103	0.47728840745	2
9	1133	0.493434999995	1
9	1143	0.496666047018	2
9	1146	0.499590999995	1
9	1158	0.504926999995	0
9	1201	0.517870516231	1
9	1245	0.536988686166	2
9	1257	0.542761999994	1
9	1265	0.547467999994	0
9	1308	0.565475912678	1
9	1352	0.588140999994	0
9	1361	0.588413265379	1
9	1362	0.596314999994	0
9	1412	0.615566197037	1
9	1425	0.616683999994	0
9	1475	0.636952659572	1
9	1502	0.656528999994	0
9	1564	0.677368380519	1
9	1587	0.694987999994	0
9	1596	0.696065638611	1
9	1601	0.698027999994	0
9	1610	0.701517468912	1
9	1611	0.704599999994	0
9	1631	0.715359904432	1
9	1710	0.740820999994	0
9	1721	0.742295835187	1
9	1724	0.748606999994	0
9	1781	0.766669025007	1
9	1795	0.774381999994	0
9	1839	0.791641455023	1
9	1860	0.800354999993	0
9	1889	0.811538015132	1
9	1923	0.832166829461	2
9	1927	0.835795999992	1
9	1935	0.837521999992	0
9	1967	0.850071264868	1
9	2011	0.878966760216	2
9	2034	0.895298999991	1
9	2044	0.899464999991	0
9	2066	0.909696932017	1
9	2123	0.920621999991	0
9	2143	0.931722099155	1
9	2156	0.935128999991	0
9	2169	0.939209848363	1
9	2170	0.940700999991	0
9	7348	0.963523751429	1
9	7353	0.96352799999	0
9	8494	0.981958375445	1
9	8500	0.98867499999	0
9	8552	1.009808430664	1
9	8575	1.020859999989	0
9	8595	1.032052934861	1
9	8638	1.048623176629	2
9	8642	1.054870999989	1
9	8653	1.060366051964	2
9	8658	1.063470999989	1
9	8666	1.065652999989	0
9	8703	1.082624837515	1
9	8758	1.106659880877	2
9	8780	1.116439999988	1
9	8787	1.122777999988	0
9	8819	1.129324242196	1
9	8881	1.158977671497	2
9	8902	1.170884999987	1
9	8912	1.173720999987	0
9	8921	1.176807132326	1
9	8922	1.180422999987	0
9	8965	1.19937474551	1
9	8993	1.202495999987	0
9	14783	1.2269606031	1
9	14788	1.226964999987	0
9	19747	1.248471511167	1
9	19755	1.252199999987	0
9	19797	1.269943341727	1
9	19842	1.29508700729	2
9	19844	1.295824999987	1
9	19856	1.301476999987	0
9	19924	1.330223952997	1
9	19977	1.353095999986	0
9	19999	1.360468905823	1
9	20042	1.381069892813	2
9	20080	1.396026175947	3
9	20084	1.397980999985	2
9	20094	1.399594999985	1
9	20102	1.403744999985	0
9	20132	1.413973237091	1
9	20187	1.439767232633	2
9	20198	1.445325999984	1
9	20208	1.45178443308	2
9	20209	1.454153999984	1
9	20217	1.455251999984	0
9	20249	1.47298651722	1
9	20322	1.506913176757	2
9	20335	1.514582999984	1
9	20347	1.520552395828	2
9	20348	1.522382999984	1
9	20356	1.523480999984	0
9	20397	1.538062231683	1
9	20459	1.562364340165	2
9	20471	1.572541999983	1
9	20479	1.573579999983	0
9	20538	1.601315128658	1
9	20584	1.620096999983	0
9	20602	1.6222676983	1
9	20633	1.632435999983	0
9	25636	1.642781243108	1
9	25638	1.642782999982	0
9	25693	1.662065733533	1
9	25696	1.662918999982	0
9	25733	1.676867060948	1
9	25758	1.683288999982	0
9	39202	1.703938275436	1
9	39228	1.716820999982	0
9	39241	1.723160706983	1
9	39242	1.724798999982	0
9	39280	1.738076298204	1
9	39297	1.749101999982	0
9	39306	1.753103519493	1
9	39307	1.753145999982	0
9	39327	1.766337371629	1
9	39352	1.780004230925	2
9	39412	1.802453700029	3
9	39414	1.803136999981	2
9	39424	1.81148299998	1
9	39434	1.81911099998	0
9	39456	1.827185034005	1
9	39513	1.847855632868	2
9	39540	1.86723199998	1
9	39548	1.867825966717	2
9	39551	1.87094799998	1
9	39565	1.87906799998	0
9	39591	1.887859314493	1
9	39643	1.904565531557	2
9	39668	1.917964999979	1
9	39676	1.925232999979	0
9	39698	1.93237898105	1
9	39768	1.958634830071	2
9	39802	1.977545999979	1
9	39813	1.985587999979	0
9	39839	1.988559379002	1
9	39878	2.013748099032	2
9	39919	2.034651439325	3
9	39974	2.058129844406	4
9	39984	2.066764714149	5
9	40005	2.071186999978	4
9	40014	2.074078999978	3
9	40022	2.075394999978	2
9	40033	2.079953305071	3
9	40034	2.083236999978	2
9	40046	2.091376999978	1
9	40055	2.096625469955	2
9	40056	2.100242999978	1
9	40066	2.106200999978	0
9	40114	2.134545204319	1
9	40136	2.148375487664	2
9	40195	2.17273999745	3
9	40367	2.250887999978	2
9	40377	2.254487999978	1
9	40385	2.256489999977	0
10	12	0	2712
10	16	0.000001	0
10	66	0.0267934351	3501
10	88	0.034394	0
10	134	0.051962225762	645
10	181	0.074143	0
10	189	0.075071761515	4246
10	190	0.075475	0
10	243	0.09307807306	1420
10	245	0.097972	0
10	285	0.112201691419	940
10	290	0.114011	0
10	363	0.14665788802	4394
10	367	0.149883999999	0
10	399	0.162284337763	1431
10	463	0.192221646791	2734
10	492	0.206368240986	6464
10	508	0.213726999999	5033
10	516	0.216630999999	3730
10	524	0.219278999999	0
10	575	0.241268879378	3662
10	627	0.260583861779	5569
10	639	0.268283999999	1907
10	651	0.275649999999	0
10	662	0.277657172359	2565
10	663	0.279505999999	0
10	693	0.294825574489	4034
10	747	0.324778157116	4766
10	806	0.350727676839	8015
10	810	0.352744999998	3981
10	820	0.360854999997	3249
10	828	0.362360999997	0
10	848	0.371595016372	2345
10	881	0.386913778322	5515
10	932	0.41321931772	8800
10	970	0.424325999997	6455
10	980	0.427587760667	9783
10	983	0.429057999997	6613
10	991	0.435439999997	3328
10	1001	0.442051999997	0
10	1033	0.457624860019	3057
10	1103	0.47728840745	5704
10	1133	0.493434999995	2647
10	1143	0.496666047018	3483
10	1146	0.499590999995	836
10	1158	0.504926999995	0
10	1201	0.517870516231	2332
10	1245	0.536988686166	4660
10	1257	0.542761999994	2328
10	1265	0.547467999994	0
10	1308	0.565475912678	4066
10	1352	0.588140999994	0
10	1361	0.588413265379	3014
10	1362	0.596314999994	0
10	1412	0.615566197037	1522
10	1425	0.616683999994	0
10	1475	0.636952659572	2780
10	1502	0.656528999994	0
10	1564	0.677368380519	1499
10	1587	0.694987999994	0
10	1596	0.696065638611	3265
10	1601	0.698027999994	0
10	1610	0.701517468912	3024
10	1611	0.704599999994	0
10	1631	0.715359904432	3872
10	1710	0.740820999994	0
10	1721	0.742295835187	256
10	1724	0.748606999994	0
10	1781	0.766669025007	1669
10	1795	0.774381999994	0
10	1839	0.791641455023	2413
10	1860	0.800354999993	0
10	1889	0.811538015132	842
10	1923	0.832166829461	4910
10	1927	0.835795999992	4068
10	1935	0.837521999992	0
10	1967	0.850071264868	2062
10	2011	0.878966760216	4892
10	2034	0.895298999991	2830
10	2044	0.899464999991	0
10	2066	0.909696932017	1806
10	2123	0.920621999991	0
10	2143	0.931722099155	2765
10	2156	0.935128999991	0
10	2169	0.939209848363	996
10	2170	0.940700999991	0
10	7348	0.963523751429	2874
10	7353	0.96352799999	0
10	8494	0.981958375445	1108
10	8500	0.98867499999	0
10	8552	1.009808430664	3667
10	8575	1.020859999989	0
10	8595	1.032052934861	4279
10	8638	1.048623176629	5349
10	8642	1.054870999989	1070
10	8653	1.060366051964	4846
10	8658	1.063470999989	3776
10	8666	1.065652999989	0
10	8703	1.082624837515	3148
10	8758	1.106659880877	4385
10	8780	1.116439999988	1237
10	8787	1.122777999988	0
10	8819	1.129324242196	1397
10	8881	1.158977671497	4727
10	8902	1.170884999987	3330
10	8912	1.173720999987	0
10	8921	1.176807132326	3043
10	8922	1.180422999987	0
10	8965	1.19937474551	403
10	8993	1.202495999987	0
10	14783	1.2269606031	3024
10	14788	1.226964999987	0
10	19747	1.248471511167	3134
10	19755	1.252199999987	0
10	19797	1.269943341727	2805
10	19842	1.29508700729	6944
10	19844	1.295824999987	4139
10	19856	1.301476999987	0
10	19924	1.330223952997	3134
10	19977	1.353095999986	0
10	19999	1.360468905823	786
10	20042	1.381069892813	2840
10	20080	1.396026175947	3276
10	20084	1.397980999985	2490
10	20094	1.399594999985	436
10	20102	1.403744999985	0
10	20132	1.413973237091	4393
10	20187	1.439767232633	4921
10	20198	1.445325999984	528
10	20208	1.45178443308	4344
10	20209	1.454153999984	3816
10	20217	1.455251999984	0
10	20249	1.47298651722	3879
10	20322	1.506913176757	4407
10	20335	1.514582999984	528
10	20347	1.520552395828	2324
10	20348	1.522382999984	1796
10	20356	1.523480999984	0
10	20397	1.538062231683	498
10	20459	1.562364340165	4400
10	20471	1.572541999983	3902
10	20479	1.573579999983	0
10	20538	1.601315128658	363
10	20584	1.620096999983	0
10	20602	1.6222676983	691
10	20633	1.632435999983	0
10	25636	1.642781243108	1573
10	25638	1.642782999982	0
10	25693	1.662065733533	3417
10	25696	1.662918999982	0
10	25733	1.676867060948	1248
10	25758	1.683288999982	0
10	39202	1.703938275436	3968
10	39228	1.716820999982	0
10	39241	1.723160706983	1115
10	39242	1.724798999982	0
10	39280	1.738076298204	2001
10	39297	1.749101999982	0
10	39306	1.753103519493	3040
10	39307	1.753145999982	0
10	39327	1.766337371629	4152
10	39352	1.780004230925	7945
10	39412	1.802453700029	10629
10	39414	1.803136999981	6477
10	39424	1.81148299998	2684
10	39434	1.81911099998	0
10	39456	1.827185034005	1837
10	39513	1.847855632868	5876
10	39540	1.86723199998	4039
10	39548	1.867825966717	7392
10	39551	1.87094799998	3353
10	39565	1.87906799998	0
10	39591	1.887859314493	3613
10	39643	1.904565531557	4931
10	39668	1.917964999979	1318
10	39676	1.925232999979	0
10	39698	1.93237898105	4000
10	39768	1.958634830071	5273
10	39802	1.977545999979	1273
10	39813	1.985587999979	0
10	39839	1.988559379002	1425
10	39878	2.013748099032	2062
10	39919	2.034651439325	5962
10	39974	2.058129844406	10011
10	39984	2.066764714149	14423
10	40005	2.071186999978	12998
10	40014	2.074078999978	12361
10	40022	2.075394999978	8461
10	40033	2.079953305071	11419
10	40034	2.083236999978	7370
10	40046	2.091376999978	2958
10	40055	2.096625469955	6223
10	40056	2.100242999978	3265
10	40066	2.106200999978	0
10	40114	2.134545204319	1779
10	40136	2.148375487664	2759
10	40195	2.17273999745	3750
10	40367	2.250887999978	1971
10	40377	2.254487999978	991
10	40385	2.256489999977	0
11	16	0.000001	1e-006
11	88	0.034394	0.0076005649
11	181	0.074143	0.022180774238
11	190	0.075475	0.000403238485
11	245	0.097972	0.00489392694
11	290	0.114011	0.001809308581
11	367	0.149883999999	0.003226111979
11	508	0.213726999999	0.051442662236
11	516	0.216630999999	0.024409353208
11	524	0.219278999999	0.012910759013
11	639	0.268283999999	0.027015120621
11	651	0.275649999999	0.01506613822
11	663	0.279505999999	0.00184882764
11	810	0.352744999998	0.057919425509
11	820	0.360854999997	0.036076842881
11	828	0.362360999997	0.011633323158
11	970	0.424325999997	0.052730983625
11	983	0.429057999997	0.042144221675
11	991	0.435439999997	0.022220682277
11	1001	0.442051999997	0.01446423933
11	1133	0.493434999995	0.035810139976
11	1146	0.499590999995	0.022302592545
11	1158	0.504926999995	0.008260952977
11	1257	0.542761999994	0.024891483763
11	1265	0.547467999994	0.010479313828
11	1352	0.588140999994	0.022665087316
11	1362	0.596314999994	0.007901734615
11	1425	0.616683999994	0.001117802957
11	1502	0.656528999994	0.019576340422
11	1587	0.694987999994	0.017619619475
11	1601	0.698027999994	0.001962361383
11	1611	0.704599999994	0.003082531082
11	1710	0.740820999994	0.025461095562
11	1724	0.748606999994	0.006311164807
11	1795	0.774381999994	0.007712974987
11	1860	0.800354999993	0.00871354497
11	1927	0.835795999992	0.02425798486
11	1935	0.837521999992	0.005355170531
11	2034	0.895298999991	0.045227735123
11	2044	0.899464999991	0.020498239775
11	2123	0.920621999991	0.010925067974
11	2156	0.935128999991	0.003406900836
11	2170	0.940700999991	0.001491151628
11	7353	0.96352799999	4.248561e-006
11	8500	0.98867499999	0.006716624545
11	8575	1.020859999989	0.011051569325
11	8642	1.054870999989	0.022818065128
11	8658	1.063470999989	0.01484782336
11	8666	1.065652999989	0.005286948025
11	8780	1.116439999988	0.033815162473
11	8787	1.122777999988	0.016118119111
11	8902	1.170884999987	0.041560757791
11	8912	1.173720999987	0.01474332849
11	8922	1.180422999987	0.003615867661
11	8993	1.202495999987	0.003121254477
11	14788	1.226964999987	4.396887e-006
11	19755	1.252199999987	0.00372848882
11	19844	1.295824999987	0.02588165826
11	19856	1.301476999987	0.006389992697
11	19977	1.353095999986	0.022872046989
11	20084	1.397980999985	0.037512094162
11	20094	1.399594999985	0.018525107172
11	20102	1.403744999985	0.007718824038
11	20198	1.445325999984	0.031352762893
11	20209	1.454153999984	0.014386767351
11	20217	1.455251999984	0.003467566904
11	20335	1.514582999984	0.041596482764
11	20348	1.522382999984	0.015469823227
11	20356	1.523480999984	0.002928604156
11	20471	1.572541999983	0.0344797683
11	20479	1.573579999983	0.011215659818
11	20584	1.620096999983	0.018781871325
11	20633	1.632435999983	0.010168301683
11	25638	1.642782999982	1.756874e-006
11	25696	1.662918999982	0.000853266449
11	25758	1.683288999982	0.006421939034
11	39228	1.716820999982	0.012882724546
11	39242	1.724798999982	0.001638292999
11	39297	1.749101999982	0.011025701778
11	39307	1.753145999982	4.2480489e-005
11	39414	1.803136999981	0.036799628352
11	39424	1.81148299998	0.031478769055
11	39434	1.81911099998	0.016657299951
11	39540	1.86723199998	0.040046965975
11	39551	1.87094799998	0.023092367112
11	39565	1.87906799998	0.011242033263
11	39668	1.917964999979	0.030105685486
11	39676	1.925232999979	0.020667468422
11	39802	1.977545999979	0.045167018929
11	39813	1.985587999979	0.026953169908
11	40005	2.071186999978	0.082627620976
11	40014	2.074078999978	0.060330900946
11	40022	2.075394999978	0.040743560653
11	40034	2.083236999978	0.025107155572
11	40046	2.091376999978	0.024612285829
11	40056	2.100242999978	0.020289694907
11	40066	2.106200999978	0.009575530023
11	40367	2.250887999978	0.116342795659
11	40377	2.254487999978	0.106112512314
11	40385	2.256489999977	0.083750002527
13	13	0	1
13	23	0.005468	0
13	52	0.018806286698	1
13	98	0.041439	0
13	107	0.043021060561	1
13	108	0.046593	0
13	149	0.061088029543	1
13	201	0.08401	0
13	221	0.088298888194	1
13	254	0.100855	0
13	287	0.113855814498	1
13	299	0.115934	0
13	323	0.128317251861	1
13	365	0.14689001781	2
13	380	0.158714999999	1
13	388	0.160526999999	0
13	401	0.16415443451	1
13	404	0.169358999999	0
13	444	0.182436079473	1
13	504	0.208098145371	2
13	534	0.226781999999	1
13	543	0.228009999999	0
13	552	0.229576460935	1
13	557	0.234667999999	0
13	604	0.251782191206	1
13	648	0.270413235451	2
13	673	0.284678999999	1
13	681	0.286393067961	2
13	684	0.292654999999	1
13	694	0.298638999999	0
13	734	0.314825491171	1
13	777	0.337981659826	2
13	839	0.368901999997	1
13	852	0.374766885282	2
13	853	0.375371999997	1
13	861	0.379077999997	0
13	920	0.405086922558	1
13	978	0.425532967009	2
13	1012	0.44669385882	3
13	1015	0.448750999997	2
13	1024	0.457200999996	1
13	1034	0.458918999996	0
13	1043	0.458969268053	1
13	1046	0.462360999996	0
13	1105	0.481352764061	1
13	1157	0.503165936993	2
13	1167	0.506641999995	1
13	1175	0.512343999995	0
13	1243	0.536338298808	1
13	1276	0.552166999994	0
13	1285	0.553690976569	1
13	1290	0.559982999994	0
13	1340	0.581778004866	1
13	1374	0.602385999994	0
13	1423	0.616649382598	1
13	1434	0.619770999994	0
13	1477	0.637716526919	1
13	1511	0.662131999994	0
13	1520	0.662944560913	1
13	1523	0.665299999994	0
13	1562	0.677050370191	1
13	1600	0.697328271683	2
13	1620	0.710690999994	1
13	1629	0.714523685165	2
13	1634	0.718890999994	1
13	1642	0.719648999994	0
13	1708	0.74063478422	1
13	1733	0.749161999994	0
13	1783	0.767511588762	1
13	1806	0.777762999994	0
13	1825	0.787263839023	1
13	1870	0.805223999993	0
13	1887	0.811056343591	1
13	1925	0.835017480079	2
13	1948	0.845700999991	1
13	1958	0.849276999991	0
13	1978	0.856130848404	1
13	2013	0.885273053185	2
13	2053	0.900839222859	3
13	2055	0.905167999991	2
13	2069	0.912927999991	1
13	2077	0.913535999991	0
13	2095	0.917140340041	1
13	2134	0.924276999991	0
13	4628	0.947217583287	1
13	4629	0.94721799999	0
13	8460	0.970415210134	1
13	8464	0.97041899999	0
13	8498	0.988030670165	1
13	8510	0.99093399999	0
13	8571	1.015204295102	1
13	8586	1.028236999989	0
13	8619	1.040344401746	1
13	8651	1.057462992584	2
13	8677	1.073247999989	1
13	8685	1.075741999989	0
13	8717	1.087440783583	1
13	8769	1.107804996794	2
13	8796	1.12375030875	3
13	8799	1.125294999988	2
13	8808	1.126708999988	1
13	8822	1.134820999987	0
13	8840	1.145354779933	1
13	8900	1.170687121522	2
13	8935	1.186551999987	1
13	8945	1.189595999987	0
13	8963	1.197565430965	1
13	9003	1.203344999987	0
13	13980	1.219011804762	1
13	13984	1.219014999987	0
13	19749	1.252120009453	1
13	19766	1.258510999987	0
13	19830	1.283858045234	1
13	19865	1.305846999178	2
13	19867	1.309797999986	1
13	19877	1.314711999986	0
13	19905	1.326439851078	1
13	19942	1.340682230903	2
13	19990	1.359406999986	1
13	20000	1.363410999985	0
13	20011	1.364065391225	1
13	20012	1.366192999985	0
13	20044	1.381079101522	1
13	20082	1.396727888748	2
13	20111	1.404659999985	1
13	20123	1.413435999985	0
13	20134	1.415240901855	1
13	20135	1.418797999985	0
13	20185	1.437532929294	1
13	20226	1.458942009018	2
13	20232	1.462926999984	1
13	20240	1.469926999984	0
13	20270	1.483511066129	1
13	20345	1.517773890285	2
13	20365	1.527115999984	1
13	20375	1.529331999984	0
13	20393	1.536601847346	1
13	20436	1.556990098717	2
13	20490	1.581426999983	1
13	20499	1.585151965919	2
13	20502	1.588870999983	1
13	20510	1.589900999983	0
13	20572	1.617930137834	1
13	20593	1.620865999983	0
13	25659	1.646414065979	1
13	25666	1.652776999982	0
13	25721	1.671737180415	1
13	25726	1.674352999982	0
13	29446	1.689505625926	1
13	29449	1.689507999982	0
13	39217	1.712476557583	1
13	39251	1.727071999982	0
13	39282	1.741794182814	1
13	39317	1.759268999982	0
13	39329	1.76642727943	1
13	39330	1.767236999981	0
13	39383	1.791391048471	1
13	39443	1.823502777682	2
13	39445	1.82452199998	1
13	39457	1.82838599998	0
13	39521	1.853649993769	1
13	39560	1.871201321588	2
13	39574	1.88581699998	1
13	39582	1.88750699998	0
13	39602	1.892934492439	1
13	39654	1.909477628218	2
13	39685	1.927911999979	1
13	39699	1.933405999979	0
13	39717	1.937567829316	1
13	39766	1.958505918112	2
13	39810	1.979874695568	3
13	39822	1.988176999979	2
13	39830	1.988266999979	1
13	39844	1.996742999978	0
13	39853	2.000061989536	1
13	39854	2.004874999978	0
13	39876	2.013701241755	1
13	39931	2.040098213885	2
13	39960	2.054612844393	3
13	40031	2.077476650436	4
13	40075	2.10906146431	5
13	40081	2.112773999978	4
13	40089	2.119753999978	3
13	40100	2.124013597167	4
13	40101	2.127091999978	3
13	40115	2.135017999978	2
13	40123	2.141875999978	1
13	40132	2.143175556448	2
13	40137	2.150045999978	1
13	40145	2.153059999978	0
13	40158	2.159279339989	1
13	40159	2.159569999978	0
13	40217	2.182446500234	1
13	40281	2.209724831067	2
13	40321	2.228028364254	3
13	40365	2.244902625214	4
13	40394	2.258514999977	3
13	40403	2.262900999977	2
13	40413	2.271394999977	1
13	40423	2.274174999977	0
14	13	0	1907
14	23	0.005468	0
14	52	0.018806286698	2556
14	98	0.041439	0
14	107	0.043021060561	533
14	108	0.046593	0
14	149	0.061088029543	2053
14	201	0.08401	0
14	221	0.088298888194	3000
14	254	0.100855	0
14	287	0.113855814498	2939
14	299	0.115934	0
14	323	0.128317251861	885
14	365	0.14689001781	5280
14	380	0.158714999999	4395
14	388	0.160526999999	0
14	401	0.16415443451	289
14	404	0.169358999999	0
14	444	0.182436079473	593
14	504	0.208098145371	3901
14	534	0.226781999999	3308
14	543	0.228009999999	0
14	552	0.229576460935	1004
14	557	0.234667999999	0
14	604	0.251782191206	3967
14	648	0.270413235451	6938
14	673	0.284678999999	2971
14	681	0.286393067961	5555
14	684	0.292654999999	2584
14	694	0.298638999999	0
14	734	0.314825491171	3214
14	777	0.337981659826	5046
14	839	0.368901999997	1832
14	852	0.374766885282	5403
14	853	0.375371999997	3571
14	861	0.379077999997	0
14	920	0.405086922558	4204
14	978	0.425532967009	5042
14	1012	0.44669385882	6742
14	1015	0.448750999997	2538
14	1024	0.457200999996	1700
14	1034	0.458918999996	0
14	1043	0.458969268053	2415
14	1046	0.462360999996	0
14	1105	0.481352764061	2830
14	1157	0.503165936993	3973
14	1167	0.506641999995	1143
14	1175	0.512343999995	0
14	1243	0.536338298808	3887
14	1276	0.552166999994	0
14	1285	0.553690976569	652
14	1290	0.559982999994	0
14	1340	0.581778004866	1084
14	1374	0.602385999994	0
14	1423	0.616649382598	1043
14	1434	0.619770999994	0
14	1477	0.637716526919	1563
14	1511	0.662131999994	0
14	1520	0.662944560913	3699
14	1523	0.665299999994	0
14	1562	0.677050370191	4079
14	1600	0.697328271683	4437
14	1620	0.710690999994	358
14	1629	0.714523685165	2251
14	1634	0.718890999994	1893
14	1642	0.719648999994	0
14	1708	0.74063478422	1276
14	1733	0.749161999994	0
14	1783	0.767511588762	2069
14	1806	0.777762999994	0
14	1825	0.787263839023	2599
14	1870	0.805223999993	0
14	1887	0.811056343591	1767
14	1925	0.835017480079	4915
14	1948	0.845700999991	3148
14	1958	0.849276999991	0
14	1978	0.856130848404	3859
14	2013	0.885273053185	4142
14	2053	0.900839222859	5741
14	2055	0.905167999991	1882
14	2069	0.912927999991	1599
14	2077	0.913535999991	0
14	2095	0.917140340041	3912
14	2134	0.924276999991	0
14	4628	0.947217583287	520
14	4629	0.94721799999	0
14	8460	0.970415210134	4452
14	8464	0.97041899999	0
14	8498	0.988030670165	2496
14	8510	0.99093399999	0
14	8571	1.015204295102	4360
14	8586	1.028236999989	0
14	8619	1.040344401746	1226
14	8651	1.057462992584	3248
14	8677	1.073247999989	2022
14	8685	1.075741999989	0
14	8717	1.087440783583	686
14	8769	1.107804996794	4721
14	8796	1.12375030875	7205
14	8799	1.125294999988	6519
14	8808	1.126708999988	2484
14	8822	1.134820999987	0
14	8840	1.145354779933	1501
14	8900	1.170687121522	4302
14	8935	1.186551999987	2801
14	8945	1.189595999987	0
14	8963	1.197565430965	2387
14	9003	1.203344999987	0
14	13980	1.219011804762	944
14	13984	1.219014999987	0
14	19749	1.252120009453	2294
14	19766	1.258510999987	0
14	19830	1.283858045234	2436
14	19865	1.305846999178	3158
14	19867	1.309797999986	722
14	19877	1.314711999986	0
14	19905	1.326439851078	1981
14	19942	1.340682230903	3351
14	19990	1.359406999986	1370
14	20000	1.363410999985	0
14	20011	1.364065391225	2733
14	20012	1.366192999985	0
14	20044	1.381079101522	4367
14	20082	1.396727888748	7027
14	20111	1.404659999985	2660
14	20123	1.413435999985	0
14	20134	1.415240901855	3440
14	20135	1.418797999985	0
14	20185	1.437532929294	3479
14	20226	1.458942009018	7904
14	20232	1.462926999984	4425
14	20240	1.469926999984	0
14	20270	1.483511066129	1087
14	20345	1.517773890285	4299
14	20365	1.527115999984	3212
14	20375	1.529331999984	0
14	20393	1.536601847346	3701
14	20436	1.556990098717	4195
14	20490	1.581426999983	494
14	20499	1.585151965919	1352
14	20502	1.588870999983	858
14	20510	1.589900999983	0
14	20572	1.617930137834	730
14	20593	1.620865999983	0
14	25659	1.646414065979	131
14	25666	1.652776999982	0
14	25721	1.671737180415	2232
14	25726	1.674352999982	0
14	29446	1.689505625926	211
14	29449	1.689507999982	0
14	39217	1.712476557583	4188
14	39251	1.727071999982	0
14	39282	1.741794182814	3963
14	39317	1.759268999982	0
14	39329	1.76642727943	2039
14	39330	1.767236999981	0
14	39383	1.791391048471	1911
14	39443	1.823502777682	3038
14	39445	1.82452199998	1127
14	39457	1.82838599998	0
14	39521	1.853649993769	824
14	39560	1.871201321588	2738
14	39574	1.88581699998	1914
14	39582	1.88750699998	0
14	39602	1.892934492439	2726
14	39654	1.909477628218	4608
14	39685	1.927911999979	1882
14	39699	1.933405999979	0
14	39717	1.937567829316	24
14	39766	1.958505918112	4241
14	39810	1.979874695568	8286
14	39822	1.988176999979	8262
14	39830	1.988266999979	4045
14	39844	1.996742999978	0
14	39853	2.000061989536	3274
14	39854	2.004874999978	0
14	39876	2.013701241755	3469
14	39931	2.040098213885	7117
14	39960	2.054612844393	11059
14	40031	2.077476650436	14467
14	40075	2.10906146431	18531
14	40081	2.112773999978	15062
14	40089	2.119753999978	11414
14	40100	2.124013597167	12900
14	40101	2.127091999978	8958
14	40115	2.135017999978	5550
14	40123	2.141875999978	1486
14	40132	2.143175556448	4720
14	40137	2.150045999978	3234
14	40145	2.153059999978	0
14	40158	2.159279339989	2160
14	40159	2.159569999978	0
14	40217	2.182446500234	2172
14	40281	2.209724831067	6398
14	40321	2.228028364254	7767
14	40365	2.244902625214	11025
14	40394	2.258514999977	8853
14	40403	2.262900999977	4627
14	40413	2.271394999977	3258
14	40423	2.274174999977	0
15	23	0.005468	0.005468
15	98	0.041439	0.022632713302
15	108	0.046593	0.003571939439
15	201	0.08401	0.022921970457
15	254	0.100855	0.012556111806
15	299	0.115934	0.002078185502
15	380	0.158714999999	0.030397748138
15	388	0.160526999999	0.013636982189
15	404	0.169358999999	0.005204565489
15	534	0.226781999999	0.044345920526
15	543	0.228009999999	0.019911854628
15	557	0.234667999999	0.005091539064
15	673	0.284678999999	0.032896808793
15	684	0.292654999999	0.022241764548
15	694	0.298638999999	0.012245932038
15	839	0.368901999997	0.054076508826
15	853	0.375371999997	0.037390340171
15	861	0.379077999997	0.004311114715
15	1015	0.448750999997	0.043664077439
15	1024	0.457200999996	0.031668032987
15	1034	0.458918999996	0.012225141176
15	1046	0.462360999996	0.003391731943
15	1167	0.506641999995	0.025289235934
15	1175	0.512343999995	0.009178063002
15	1276	0.552166999994	0.015828701186
15	1290	0.559982999994	0.006292023425
15	1374	0.602385999994	0.020607995128
15	1434	0.619770999994	0.003121617396
15	1511	0.662131999994	0.024415473075
15	1523	0.665299999994	0.002355439081
15	1620	0.710690999994	0.033640629803
15	1634	0.718890999994	0.021562728311
15	1642	0.719648999994	0.005125314829
15	1733	0.749161999994	0.008527215774
15	1806	0.777762999994	0.010251411232
15	1870	0.805223999993	0.01796016097
15	1948	0.845700999991	0.0346446564
15	1958	0.849276999991	0.014259519912
15	2055	0.905167999991	0.049037151587
15	2069	0.912927999991	0.027654946806
15	2077	0.913535999991	0.012696777132
15	2134	0.924276999991	0.00713665995
15	4629	0.94721799999	4.16703e-007
15	8464	0.97041899999	3.789856e-006
15	8510	0.99093399999	0.002903329825
15	8586	1.028236999989	0.013032704887
15	8677	1.073247999989	0.032903598243
15	8685	1.075741999989	0.018279007405
15	8799	1.125294999988	0.037854216405
15	8808	1.126708999988	0.018904003194
15	8822	1.134820999987	0.011070691237
15	8935	1.186551999987	0.041197220054
15	8945	1.189595999987	0.018908878465
15	9003	1.203344999987	0.005779569022
15	13984	1.219014999987	3.195225e-006
15	19766	1.258510999987	0.006390990534
15	19867	1.309797999986	0.025939954752
15	19877	1.314711999986	0.008865000808
15	19990	1.359406999986	0.032967148908
15	20000	1.363410999985	0.022728769082
15	20012	1.366192999985	0.00212760876
15	20111	1.404659999985	0.023580898463
15	20123	1.413435999985	0.016708111237
15	20135	1.418797999985	0.00355709813
15	20232	1.462926999984	0.02539407069
15	20240	1.469926999984	0.010984990966
15	20365	1.527115999984	0.043604933855
15	20375	1.529331999984	0.011558109699
15	20490	1.581426999983	0.044825152637
15	20502	1.588870999983	0.031880901266
15	20510	1.589900999983	0.004749034064
15	20593	1.620865999983	0.002935862149
15	25666	1.652776999982	0.006362934003
15	25726	1.674352999982	0.002615819567
15	29449	1.689507999982	2.374056e-006
15	39251	1.727071999982	0.014595442399
15	39317	1.759268999982	0.017474817168
15	39330	1.767236999981	0.000809720551
15	39445	1.82452199998	0.033130951509
15	39457	1.82838599998	0.004883222298
15	39574	1.88581699998	0.032167006211
15	39582	1.88750699998	0.016305678392
15	39685	1.927911999979	0.03497750754
15	39699	1.933405999979	0.023928371761
15	39822	1.988176999979	0.050609170663
15	39830	1.988266999979	0.029761081867
15	39844	1.996742999978	0.01686830441
15	39854	2.004874999978	0.004813010442
15	40081	2.112773999978	0.099072758223
15	40089	2.119753999978	0.079655786093
15	40101	2.127091999978	0.072479155585
15	40115	2.135017999978	0.057541349542
15	40123	2.141875999978	0.032814535668
15	40137	2.150045999978	0.026032402811
15	40145	2.153059999978	0.00988444353
15	40159	2.159569999978	0.000290659989
15	40394	2.258514999977	0.076068499743
15	40403	2.262900999977	0.05317616891
15	40413	2.271394999977	0.043366635723
15	40423	2.274174999977	0.029272374763
17	14	0	1
17	32	0.009325	0
17	62	0.025691380082	1
17	96	0.040777379426	2
17	117	0.047702	1
17	125	0.048384	0
17	159	0.061952116802	1
17	212	0.088159	0
17	232	0.088423978845	1
17	264	0.106898	0
17	283	0.111476336031	1
17	308	0.121855	0
17	321	0.12712444342	1
17	324	0.130791	0
17	376	0.152239265698	1
17	397	0.160980039886	2
17	413	0.169979999999	1
17	421	0.176673999999	0
17	432	0.179323533359	1
17	433	0.179381999999	0
17	482	0.201925377314	1
17	556	0.233468109069	2
17	566	0.236718999999	1
17	576	0.242038999999	0
17	617	0.257465630089	1
17	660	0.276020715607	2
17	706	0.303849999999	1
17	714	0.30682512064	2
17	717	0.312495999999	1
17	725	0.313757999999	0
17	749	0.325063769956	1
17	804	0.350341121954	2
17	837	0.366727614091	3
17	870	0.383727344455	4
17	873	0.386262999997	3
17	882	0.387420999997	2
17	892	0.393738999997	1
17	900	0.400350999997	0
17	918	0.404925071403	1
17	1000	0.438081425526	2
17	1023	0.453356128598	3
17	1055	0.467233999996	2
17	1063	0.472469999996	1
17	1075	0.473035999996	0
17	1101	0.475816205503	1
17	1141	0.49375696984	2
17	1184	0.514672999995	1
17	1192	0.517594999995	0
17	1203	0.51978569879	1
17	1204	0.520098999995	0
17	1255	0.541823171761	1
17	1289	0.556874949477	2
17	1300	0.561329999994	1
17	1309	0.567823999994	0
17	1350	0.583689104742	1
17	1384	0.604596999994	0
17	1402	0.608979044532	1
17	1446	0.621899999994	0
17	1456	0.629562449125	1
17	1457	0.630737999994	0
17	1500	0.653738946339	1
17	1532	0.665969805695	2
17	1536	0.672740999994	1
17	1544	0.676100999994	0
17	1574	0.686006496992	1
17	1633	0.71817704956	2
17	1651	0.723477999994	1
17	1659	0.727185999994	0
17	1689	0.731051722118	1
17	1742	0.751756999994	0
17	1751	0.757124500573	1
17	1752	0.757948999994	0
17	1827	0.787743712017	1
17	1878	0.810464999993	0
17	1893	0.813998891252	1
17	1894	0.816316999993	0
17	1944	0.839330959647	1
17	1969	0.855615999991	0
17	1980	0.861665345969	1
17	1981	0.862467999991	0
17	2032	0.888775667238	1
17	2068	0.911608324016	2
17	2086	0.916776999991	1
17	2096	0.919146999991	0
17	2165	0.936247695927	1
17	2181	0.94273699999	0
17	6433	0.954651492621	1
17	6440	0.95890099999	0
17	8496	0.983252954427	1
17	8520	0.99596899999	0
17	8529	0.998394881118	1
17	8530	1.00066699999	0
17	8573	1.018994199532	1
17	8599	1.036999999989	0
17	8621	1.042034548271	1
17	8657	1.063094316316	2
17	8694	1.079828999989	1
17	8705	1.082916867657	2
17	8706	1.083238999989	1
17	8718	1.088986999989	0
17	8756	1.103993305396	1
17	8821	1.133530993005	2
17	8831	1.139831999987	1
17	8841	1.148583999987	0
17	8852	1.153330152156	1
17	8853	1.153349999987	0
17	8931	1.182180471431	1
17	8954	1.195240999987	0
17	11688	1.211087532334	1
17	11690	1.211088999987	0
17	19739	1.243490791128	1
17	19740	1.243490999987	0
17	19764	1.257976583688	1
17	19775	1.263141999987	0
17	19809	1.27588365553	1
17	19853	1.296615431423	2
17	19887	1.316198999986	1
17	19895	1.319794899805	2
17	19896	1.325064999986	1
17	19906	1.326680999986	0
17	19940	1.339997688351	1
17	19986	1.356296653748	2
17	20021	1.371701999985	1
17	20030	1.374932416621	2
17	20031	1.377795999985	1
17	20045	1.381097999985	0
17	20120	1.405787495438	1
17	20146	1.425720999985	0
17	20172	1.433268863431	1
17	20230	1.462845885153	2
17	20253	1.478819999984	1
17	20261	1.479425999984	0
17	20283	1.490271699597	1
17	20312	1.500914315157	2
17	20374	1.527143174644	3
17	20384	1.535798999984	2
17	20398	1.540076999983	1
17	20407	1.540381983653	2
17	20408	1.543932999983	1
17	20418	1.549504999983	0
17	20457	1.561349510476	1
17	20488	1.579060521144	2
17	20519	1.591659999983	1
17	20529	1.600333999983	0
17	20559	1.610567359134	1
17	20582	1.619636011235	2
17	20604	1.622368999983	1
17	20612	1.624796999983	0
17	25661	1.648639264213	1
17	25673	1.653081999982	0
17	25719	1.670126848875	1
17	25736	1.678859999982	0
17	39192	1.699773568736	1
17	39195	1.699775999982	0
17	39237	1.717541703089	1
17	39263	1.735490999982	0
17	39284	1.743545101084	1
17	39342	1.771357999981	0
17	39350	1.773180637628	1
17	39353	1.780325999981	0
17	39385	1.793722974099	1
17	39433	1.81458900631	2
17	39466	1.83068299998	1
17	39475	1.832935993666	2
17	39476	1.83583899998	1
17	39486	1.83940699998	0
17	39515	1.851095890031	1
17	39550	1.868458998283	2
17	39593	1.89137799998	1
17	39603	1.89463799998	0
17	39641	1.90291341679	1
17	39664	1.911280086681	2
17	39696	1.930626753559	3
17	39708	1.937212999979	2
17	39722	1.945486999979	1
17	39730	1.946494999979	0
17	39739	1.949318908444	1
17	39740	1.949898999979	0
17	39783	1.966112936208	1
17	39841	1.989595038807	2
17	39865	2.010024559812	3
17	39867	2.011465999978	2
17	39879	2.019369999978	1
17	39889	2.023309999978	0
17	39898	2.028768096955	1
17	39899	2.030511999978	0
17	39962	2.054765763683	1
17	40013	2.072973188978	2
17	40065	2.10473645948	3
17	40110	2.128525928011	4
17	40134	2.1455773378	5
17	40168	2.163932999978	4
17	40176	2.165056999978	3
17	40185	2.167531839303	4
17	40186	2.168410999978	3
17	40196	2.175410999978	2
17	40206	2.176716999978	1
17	40218	2.183308999978	0
17	40227	2.1876286142	1
17	40228	2.191032999978	0
18	14	0	1969
18	32	0.009325	0
18	62	0.025691380082	320
18	96	0.040777379426	2397
18	117	0.047702	2077
18	125	0.048384	0
18	159	0.061952116802	85
18	212	0.088159	0
18	232	0.088423978845	947
18	264	0.106898	0
18	283	0.111476336031	4447
18	308	0.121855	0
18	321	0.12712444342	2953
18	324	0.130791	0
18	376	0.152239265698	3326
18	397	0.160980039886	4659
18	413	0.169979999999	1333
18	421	0.176673999999	0
18	432	0.179323533359	2592
18	433	0.179381999999	0
18	482	0.201925377314	2639
18	556	0.233468109069	5786
18	566	0.236718999999	3147
18	576	0.242038999999	0
18	617	0.257465630089	4302
18	660	0.276020715607	4912
18	706	0.303849999999	610
18	714	0.30682512064	4238
18	717	0.312495999999	3628
18	725	0.313757999999	0
18	749	0.325063769956	558
18	804	0.350341121954	3696
18	837	0.366727614091	6981
18	870	0.383727344455	8535
18	873	0.386262999997	7977
18	882	0.387420999997	4839
18	892	0.393738999997	1554
18	900	0.400350999997	0
18	918	0.404925071403	2597
18	1000	0.438081425526	2859
18	1023	0.453356128598	2971
18	1055	0.467233999996	374
18	1063	0.472469999996	112
18	1075	0.473035999996	0
18	1101	0.475816205503	1440
18	1141	0.49375696984	2671
18	1184	0.514672999995	1231
18	1192	0.517594999995	0
18	1203	0.51978569879	934
18	1204	0.520098999995	0
18	1255	0.541823171761	3226
18	1289	0.556874949477	6670
18	1300	0.561329999994	3444
18	1309	0.567823999994	0
18	1350	0.583689104742	74
18	1384	0.604596999994	0
18	1402	0.608979044532	4398
18	1446	0.621899999994	0
18	1456	0.629562449125	1319
18	1457	0.630737999994	0
18	1500	0.653738946339	1659
18	1532	0.665969805695	2100
18	1536	0.672740999994	441
18	1544	0.676100999994	0
18	1574	0.686006496992	1833
18	1633	0.71817704956	3050
18	1651	0.723477999994	1217
18	1659	0.727185999994	0
18	1689	0.731051722118	3075
18	1742	0.751756999994	0
18	1751	0.757124500573	1168
18	1752	0.757948999994	0
18	1827	0.787743712017	2905
18	1878	0.810464999993	0
18	1893	0.813998891252	3969
18	1894	0.816316999993	0
18	1944	0.839330959647	3405
18	1969	0.855615999991	0
18	1980	0.861665345969	4283
18	1981	0.862467999991	0
18	2032	0.888775667238	1164
18	2068	0.911608324016	1613
18	2086	0.916776999991	449
18	2096	0.919146999991	0
18	2165	0.936247695927	71
18	2181	0.94273699999	0
18	6433	0.954651492621	1841
18	6440	0.95890099999	0
18	8496	0.983252954427	2328
18	8520	0.99596899999	0
18	8529	0.998394881118	1623
18	8530	1.00066699999	0
18	8573	1.018994199532	1335
18	8599	1.036999999989	0
18	8621	1.042034548271	1684
18	8657	1.063094316316	4537
18	8694	1.079828999989	2853
18	8705	1.082916867657	7327
18	8706	1.083238999989	4474
18	8718	1.088986999989	0
18	8756	1.103993305396	4355
18	8821	1.133530993005	6717
18	8831	1.139831999987	2362
18	8841	1.148583999987	0
18	8852	1.153330152156	1142
18	8853	1.153349999987	0
18	8931	1.182180471431	2447
18	8954	1.195240999987	0
18	11688	1.211087532334	2800
18	11690	1.211088999987	0
18	19739	1.243490791128	4332
18	19740	1.243490999987	0
18	19764	1.257976583688	1989
18	19775	1.263141999987	0
18	19809	1.27588365553	4412
18	19853	1.296615431423	5199
18	19887	1.316198999986	787
18	19895	1.319794899805	1508
18	19896	1.325064999986	721
18	19906	1.326680999986	0
18	19940	1.339997688351	3026
18	19986	1.356296653748	4656
18	20021	1.371701999985	1630
18	20030	1.374932416621	2908
18	20031	1.377795999985	1278
18	20045	1.381097999985	0
18	20120	1.405787495438	1584
18	20146	1.425720999985	0
18	20172	1.433268863431	282
18	20230	1.462845885153	3364
18	20253	1.478819999984	3082
18	20261	1.479425999984	0
18	20283	1.490271699597	2118
18	20312	1.500914315157	4025
18	20374	1.527143174644	6790
18	20384	1.535798999984	4672
18	20398	1.540076999983	2765
18	20407	1.540381983653	4589
18	20408	1.543932999983	1824
18	20418	1.549504999983	0
18	20457	1.561349510476	4316
18	20488	1.579060521144	6675
18	20519	1.591659999983	2359
18	20529	1.600333999983	0
18	20559	1.610567359134	1193
18	20582	1.619636011235	4673
18	20604	1.622368999983	3480
18	20612	1.624796999983	0
18	25661	1.648639264213	1767
18	25673	1.653081999982	0
18	25719	1.670126848875	1642
18	25736	1.678859999982	0
18	39192	1.699773568736	2758
18	39195	1.699775999982	0
18	39237	1.717541703089	1203
18	39263	1.735490999982	0
18	39284	1.743545101084	4463
18	39342	1.771357999981	0
18	39350	1.773180637628	626
18	39353	1.780325999981	0
18	39385	1.793722974099	2557
18	39433	1.81458900631	4320
18	39466	1.83068299998	1763
18	39475	1.832935993666	5405
18	39476	1.83583899998	3642
18	39486	1.83940699998	0
18	39515	1.851095890031	1609
18	39550	1.868458998283	3804
18	39593	1.89137799998	2195
18	39603	1.89463799998	0
18	39641	1.90291341679	4116
18	39664	1.911280086681	4599
18	39696	1.930626753559	6280
18	39708	1.937212999979	2164
18	39722	1.945486999979	1681
18	39730	1.946494999979	0
18	39739	1.949318908444	632
18	39740	1.949898999979	0
18	39783	1.966112936208	3931
18	39841	1.989595038807	5880
18	39865	2.010024559812	9460
18	39867	2.011465999978	5529
18	39879	2.019369999978	3580
18	39889	2.023309999978	0
18	39898	2.028768096955	2018
18	39899	2.030511999978	0
18	39962	2.054765763683	541
18	40013	2.072973188978	2197
18	40065	2.10473645948	5676
18	40110	2.128525928011	6308
18	40134	2.1455773378	9583
18	40168	2.163932999978	9042
18	40176	2.165056999978	7386
18	40185	2.167531839303	11227
18	40186	2.168410999978	7748
18	40196	2.175410999978	7116
18	40206	2.176716999978	3841
18	40218	2.183308999978	0
18	40227	2.1876286142	312
18	40228	2.191032999978	0
19	32	0.009325	0.009325
19	117	0.047702	0.022010619918
19	125	0.048384	0.007606620574
19	212	0.088159	0.026206883198
19	264	0.106898	0.018474021155
19	308	0.121855	0.010378663969
19	324	0.130791	0.00366655658
19	413	0.169979999999	0.017740734301
19	421	0.176673999999	0.015693960113
19	433	0.179381999999	5.846664e-005
19	566	0.236718999999	0.034793622685
19	576	0.242038999999	0.00857089093
19	706	0.303849999999	0.04638436991
19	717	0.312495999999	0.036475284392
19	725	0.313757999999	0.006932879359
19	873	0.386262999997	0.061199230041
19	882	0.387420999997	0.037079878043
19	892	0.393738999997	0.027011385906
19	900	0.400350999997	0.016623655542
19	1055	0.467233999996	0.062308928593
19	1063	0.472469999996	0.03438857447
19	1075	0.473035999996	0.019679871398
19	1184	0.514672999995	0.038856794492
19	1192	0.517594999995	0.023838030155
19	1204	0.520098999995	0.000313301205
19	1300	0.561329999994	0.019506828233
19	1309	0.567823999994	0.010949050517
19	1384	0.604596999994	0.020907895252
19	1446	0.621899999994	0.012920955462
19	1457	0.630737999994	0.001175550869
19	1536	0.672740999994	0.019002053655
19	1544	0.676100999994	0.010131194299
19	1651	0.723477999994	0.037471503002
19	1659	0.727185999994	0.009008950434
19	1742	0.751756999994	0.020705277876
19	1752	0.757948999994	0.000824499421
19	1878	0.810464999993	0.022721287976
19	1894	0.816316999993	0.002318108741
19	1969	0.855615999991	0.016285040344
19	1981	0.862467999991	0.000802654022
19	2086	0.916776999991	0.028001332753
19	2096	0.919146999991	0.007538675975
19	2181	0.94273699999	0.006489304063
19	6440	0.95890099999	0.004249507369
19	8520	0.99596899999	0.012716045563
19	8530	1.00066699999	0.002272118872
19	8599	1.036999999989	0.018005800457
19	8694	1.079828999989	0.037794451718
19	8706	1.083238999989	0.020144683673
19	8718	1.088986999989	0.006070132332
19	8831	1.139831999987	0.035838694591
19	8841	1.148583999987	0.015053006982
19	8853	1.153349999987	1.9847831e-005
19	8954	1.195240999987	0.013060528556
19	11690	1.211088999987	1.467653e-006
19	19740	1.243490999987	2.08859e-007
19	19775	1.263141999987	0.005165416299
19	19887	1.316198999986	0.040315344456
19	19896	1.325064999986	0.028449568563
19	19906	1.326680999986	0.006886100181
19	20021	1.371701999985	0.031704311634
19	20031	1.377795999985	0.021499346237
19	20045	1.381097999985	0.006165583364
19	20146	1.425720999985	0.019933504547
19	20253	1.478819999984	0.045551136553
19	20261	1.479425999984	0.016580114831
19	20384	1.535798999984	0.045527300387
19	20398	1.540076999983	0.039162684826
19	20408	1.543932999983	0.016789825339
19	20418	1.549504999983	0.00912301633
19	20519	1.591659999983	0.030310489507
19	20529	1.600333999983	0.021273478839
19	20604	1.622368999983	0.011801640849
19	20612	1.624796999983	0.005160988748
19	25673	1.653081999982	0.004442735769
19	25736	1.678859999982	0.008733151107
19	39195	1.699775999982	2.431246e-006
19	39263	1.735490999982	0.017949296893
19	39342	1.771357999981	0.027812898897
19	39353	1.780325999981	0.007145362353
19	39466	1.83068299998	0.036960025881
19	39476	1.83583899998	0.02124999367
19	39486	1.83940699998	0.006471006314
19	39593	1.89137799998	0.040282109949
19	39603	1.89463799998	0.026179001697
19	39708	1.937212999979	0.034299583189
19	39722	1.945486999979	0.034206913298
19	39730	1.946494999979	0.01586824642
19	39740	1.949898999979	0.000580091535
19	39867	2.011465999978	0.04535306377
19	39879	2.019369999978	0.029774961171
19	39889	2.023309999978	0.013285440166
19	39899	2.030511999978	0.001743903023
19	40168	2.163932999978	0.109167236295
19	40176	2.165056999978	0.092083811
19	40186	2.168410999978	0.063674540498
19	40196	2.175410999978	0.046885071967
19	40206	2.176716999978	0.031139662178
19	40218	2.183308999978	0.015777160675
19	40228	2.191032999978	0.003404385778
21	15	0	1
21	42	0.013306	0
21	50	0.014774028434	1
21	53	0.02202	0
21	77	0.031055437255	1
21	138	0.052581	0
21	147	0.055318827615	1
21	150	0.061429	0
21	199	0.077966420481	1
21	223	0.088372	0
21	272	0.107278284973	1
21	274	0.108835	0
21	319	0.125157742062	1
21	333	0.13674	0
21	353	0.142421467614	1
21	430	0.17820681574	2
21	446	0.184608999999	1
21	454	0.192190999999	0
21	506	0.212687511364	1
21	554	0.230682442688	2
21	588	0.248375999999	1
21	595	0.250657999999	0
21	615	0.257116080635	1
21	650	0.273218025667	2
21	703	0.301857908369	3
21	736	0.321056999999	2
21	745	0.324671585685	3
21	750	0.327624999999	2
21	758	0.333228999999	1
21	768	0.337192999998	0
21	808	0.350774085052	1
21	850	0.374178245769	2
21	909	0.403501999997	1
21	922	0.405250215861	2
21	923	0.412321999997	1
21	933	0.414163999997	0
21	982	0.428282915445	1
21	1045	0.459819141878	2
21	1072	0.472727214976	3
21	1084	0.473302999996	2
21	1092	0.475392999995	1
21	1106	0.484346999995	0
21	1155	0.502106051457	1
21	1214	0.522009999995	0
21	1224	0.528575673071	1
21	1225	0.530577999994	0
21	1287	0.553768515554	1
21	1318	0.574754999994	0
21	1338	0.578832982157	1
21	1371	0.599669323974	2
21	1393	0.604787999994	1
21	1403	0.613485999994	0
21	1454	0.625251150576	1
21	1466	0.633418999994	0
21	1490	0.645141238472	1
21	1534	0.667448537724	2
21	1553	0.677025999994	1
21	1565	0.681543999994	0
21	1585	0.690858684585	1
21	1668	0.72774963519	2
21	1672	0.729662999994	1
21	1680	0.730898999994	0
21	1719	0.741486355659	1
21	1761	0.760327999994	0
21	1785	0.768027849292	1
21	1804	0.777688211208	2
21	1817	0.781944999993	1
21	1828	0.789184999993	0
21	1837	0.791489321947	1
21	1840	0.793896999993	0
21	1903	0.818225002267	1
21	1905	0.824297999992	0
21	1957	0.847995730371	1
21	1990	0.871076999991	0
21	1999	0.871181895114	1
21	2002	0.878284999991	0
21	2043	0.89680226807	1
21	2106	0.920087999991	0
21	2132	0.921069846999	1
21	2146	0.932144999991	0
21	3517	0.944894635185	1
21	3521	0.94489799999	0
21	6423	0.95008404467	1
21	6426	0.95008699999	0
21	8473	0.973885670764	1
21	8476	0.97936699999	0
21	8518	0.992899643117	1
21	8541	1.00395599999	0
21	8550	1.008375449823	1
21	8553	1.01035599999	0
21	8608	1.039419418473	1
21	8610	1.039712999989	0
21	8655	1.060374128598	1
21	8715	1.08399299647	2
21	8727	1.097977999989	1
21	8737	1.102541999989	0
21	8746	1.102561615891	1
21	8747	1.103221999989	0
21	8817	1.128095143401	1
21	8850	1.149293891672	2
21	8862	1.155676999987	1
21	8872	1.157954999987	0
21	8933	1.18430829928	1
21	8967	1.200177999987	0
21	9011	1.205785416896	1
21	9016	1.208162999987	0
21	17827	1.236084984698	1
21	17831	1.236087999987	0
21	19762	1.253711498568	1
21	19786	1.264215960062	2
21	19788	1.267162999987	1
21	19798	1.274320999987	0
21	19820	1.279447779982	1
21	19855	1.300119349666	2
21	19916	1.328165999986	1
21	19926	1.330863851692	2
21	19929	1.332731999986	1
21	19938	1.339716018329	2
21	19943	1.341341999986	1
21	19951	1.341741999986	0
21	20009	1.363779915611	1
21	20055	1.383696999985	0
21	20093	1.399371409425	1
21	20144	1.422598390186	2
21	20155	1.428931999985	1
21	20163	1.432549999985	0
21	20206	1.446722620604	1
21	20251	1.474007478294	2
21	20272	1.485632999984	1
21	20284	1.490982999984	0
21	20293	1.492384967331	1
21	20294	1.495504999984	0
21	20343	1.516566726294	1
21	20417	1.545009829146	2
21	20427	1.553195999983	1
21	20439	1.559279999983	0
21	20461	1.564225648666	1
21	20528	1.595025605885	2
21	20540	1.605094999983	1
21	20550	1.609950999983	0
21	20570	1.614358296313	1
21	20621	1.631799999983	0
21	21861	1.635078085134	1
21	21866	1.635082999983	0
21	25682	1.655914896294	1
21	25684	1.656658999982	0
21	25744	1.679748321618	1
21	25746	1.682186999982	0
21	39204	1.703967675568	1
21	39208	1.705334999982	0
21	39260	1.729238800451	1
21	39272	1.737939999982	0
21	39295	1.747302607775	1
21	39339	1.768686032458	2
21	39362	1.781620999981	1
21	39373	1.788457570949	2
21	39374	1.790356999981	1
21	39386	1.797400999981	0
21	39454	1.824743026528	1
21	39495	1.84673399998	0
21	39519	1.852834656747	1
21	39562	1.871217199249	2
21	39612	1.896125834061	3
21	39616	1.89907099998	2
21	39624	1.90012499998	1
21	39632	1.90204099998	0
21	39666	1.913763909212	1
21	39719	1.939153676571	2
21	39749	1.951205999979	1
21	39757	1.955505999979	0
21	39781	1.965879366635	1
21	39843	1.991876330252	2
21	39888	2.019421604641	3
21	39911	2.034590999978	2
21	39920	2.035962999978	1
21	39929	2.039139315037	2
21	39932	2.044238999978	1
21	39942	2.048252999978	0
21	39994	2.068212248439	1
21	40043	2.085572653957	2
21	40079	2.110745253692	3
21	40112	2.133710490868	4
21	40156	2.156115904947	5
21	40215	2.181434933113	6
21	40238	2.191699999978	5
21	40246	2.199511999978	4
21	40256	2.203917999978	3
21	40264	2.208239999978	2
21	40272	2.208901999978	1
21	40282	2.210561999978	0
21	40292	2.213318011924	1
21	40293	2.213505999978	0
21	40311	2.225737123383	1
21	40376	2.253223298386	2
21	40422	2.271638275266	3
21	40433	2.280734999977	2
21	40443	2.285590999977	1
21	40452	2.290915299948	2
21	40453	2.293932999977	1
21	40461	2.295900999977	0
22	15	0	4336
22	42	0.013306	0
22	50	0.014774028434	3562
22	53	0.02202	0
22	77	0.031055437255	4403
22	138	0.052581	0
22	147	0.055318827615	1191
22	150	0.061429	0
22	199	0.077966420481	1618
22	223	0.088372	0
22	272	0.107278284973	2566
22	274	0.108835	0
22	319	0.125157742062	716
22	333	0.13674	0
22	353	0.142421467614	3770
22	430	0.17820681574	6125
22	446	0.184608999999	2355
22	454	0.192190999999	0
22	506	0.212687511364	1120
22	554	0.230682442688	3132
22	588	0.248375999999	2012
22	595	0.250657999999	0
22	615	0.257116080635	3263
22	650	0.273218025667	6044
22	703	0.301857908369	8005
22	736	0.321056999999	4742
22	745	0.324671585685	5415
22	750	0.327624999999	2634
22	758	0.333228999999	673
22	768	0.337192999998	0
22	808	0.350774085052	4389
22	850	0.374178245769	5289
22	909	0.403501999997	900
22	922	0.405250215861	3310
22	923	0.412321999997	2410
22	933	0.414163999997	0
22	982	0.428282915445	1024
22	1045	0.459819141878	5480
22	1072	0.472727214976	8464
22	1084	0.473302999996	7440
22	1092	0.475392999995	2984
22	1106	0.484346999995	0
22	1155	0.502106051457	4263
22	1214	0.522009999995	0
22	1224	0.528575673071	1250
22	1225	0.530577999994	0
22	1287	0.553768515554	1600
22	1318	0.574754999994	0
22	1338	0.578832982157	4328
22	1371	0.599669323974	5596
22	1393	0.604787999994	1268
22	1403	0.613485999994	0
22	1454	0.625251150576	2837
22	1466	0.633418999994	0
22	1490	0.645141238472	2238
22	1534	0.667448537724	6616
22	1553	0.677025999994	4378
22	1565	0.681543999994	0
22	1585	0.690858684585	597
22	1668	0.72774963519	847
22	1672	0.729662999994	250
22	1680	0.730898999994	0
22	1719	0.741486355659	815
22	1761	0.760327999994	0
22	1785	0.768027849292	3599
22	1804	0.777688211208	5934
22	1817	0.781944999993	2335
22	1828	0.789184999993	0
22	1837	0.791489321947	1937
22	1840	0.793896999993	0
22	1903	0.818225002267	3259
22	1905	0.824297999992	0
22	1957	0.847995730371	3583
22	1990	0.871076999991	0
22	1999	0.871181895114	3693
22	2002	0.878284999991	0
22	2043	0.89680226807	150
22	2106	0.920087999991	0
22	2132	0.921069846999	1470
22	2146	0.932144999991	0
22	3517	0.944894635185	590
22	3521	0.94489799999	0
22	6423	0.95008404467	4384
22	6426	0.95008699999	0
22	8473	0.973885670764	1087
22	8476	0.97936699999	0
22	8518	0.992899643117	3179
22	8541	1.00395599999	0
22	8550	1.008375449823	1047
22	8553	1.01035599999	0
22	8608	1.039419418473	3288
22	8610	1.039712999989	0
22	8655	1.060374128598	2261
22	8715	1.08399299647	2580
22	8727	1.097977999989	319
22	8737	1.102541999989	0
22	8746	1.102561615891	1723
22	8747	1.103221999989	0
22	8817	1.128095143401	1118
22	8850	1.149293891672	4998
22	8862	1.155676999987	3880
22	8872	1.157954999987	0
22	8933	1.18430829928	137
22	8967	1.200177999987	0
22	9011	1.205785416896	110
22	9016	1.208162999987	0
22	17827	1.236084984698	13
22	17831	1.236087999987	0
22	19762	1.253711498568	3558
22	19786	1.264215960062	4583
22	19788	1.267162999987	1025
22	19798	1.274320999987	0
22	19820	1.279447779982	2262
22	19855	1.300119349666	6546
22	19916	1.328165999986	4284
22	19926	1.330863851692	4463
22	19929	1.332731999986	179
22	19938	1.339716018329	3508
22	19943	1.341341999986	3329
22	19951	1.341741999986	0
22	20009	1.363779915611	3061
22	20055	1.383696999985	0
22	20093	1.399371409425	1788
22	20144	1.422598390186	3298
22	20155	1.428931999985	1510
22	20163	1.432549999985	0
22	20206	1.446722620604	2654
22	20251	1.474007478294	4894
22	20272	1.485632999984	2240
22	20284	1.490982999984	0
22	20293	1.492384967331	2057
22	20294	1.495504999984	0
22	20343	1.516566726294	3021
22	20417	1.545009829146	3156
22	20427	1.553195999983	135
22	20439	1.559279999983	0
22	20461	1.564225648666	2407
22	20528	1.595025605885	4087
22	20540	1.605094999983	1680
22	20550	1.609950999983	0
22	20570	1.614358296313	296
22	20621	1.631799999983	0
22	21861	1.635078085134	1948
22	21866	1.635082999983	0
22	25682	1.655914896294	3108
22	25684	1.656658999982	0
22	25744	1.679748321618	529
22	25746	1.682186999982	0
22	39204	1.703967675568	4348
22	39208	1.705334999982	0
22	39260	1.729238800451	3864
22	39272	1.737939999982	0
22	39295	1.747302607775	4347
22	39339	1.768686032458	7848
22	39362	1.781620999981	3501
22	39373	1.788457570949	4870
22	39374	1.790356999981	1369
22	39386	1.797400999981	0
22	39454	1.824743026528	180
22	39495	1.84673399998	0
22	39519	1.852834656747	506
22	39562	1.871217199249	1443
22	39612	1.896125834061	4718
22	39616	1.89907099998	4212
22	39624	1.90012499998	3275
22	39632	1.90204099998	0
22	39666	1.913763909212	2129
22	39719	1.939153676571	6266
22	39749	1.951205999979	4137
22	39757	1.955505999979	0
22	39781	1.965879366635	665
22	39843	1.991876330252	4782
22	39888	2.019421604641	6768
22	39911	2.034590999978	6103
22	39920	2.035962999978	1986
22	39929	2.039139315037	3793
22	39932	2.044238999978	1807
22	39942	2.048252999978	0
22	39994	2.068212248439	3885
22	40043	2.085572653957	6067
22	40079	2.110745253692	8207
22	40112	2.133710490868	8517
22	40156	2.156115904947	9326
22	40215	2.181434933113	10777
22	40238	2.191699999978	6892
22	40246	2.199511999978	4710
22	40256	2.203917999978	2570
22	40264	2.208239999978	2260
22	40272	2.208901999978	1451
22	40282	2.210561999978	0
22	40292	2.213318011924	4499
22	40293	2.213505999978	0
22	40311	2.225737123383	2407
22	40376	2.253223298386	6557
22	40422	2.271638275266	7520
22	40433	2.280734999977	5113
22	40443	2.285590999977	963
22	40452	2.290915299948	1996
22	40453	2.293932999977	1033
22	40461	2.295900999977	0
23	42	0.013306	0.013306
23	53	0.02202	0.007245971566
23	138	0.052581	0.021525562745
23	150	0.061429	0.006110172385
23	223	0.088372	0.010405579519
23	274	0.108835	0.001556715027
23	333	0.13674	0.011582257938
23	446	0.184608999999	0.042187532385
23	454	0.192190999999	0.013984184259
23	588	0.248375999999	0.035688488635
23	595	0.250657999999	0.019975557311
23	736	0.321056999999	0.063940919364
23	750	0.327624999999	0.054406974332
23	758	0.333228999999	0.03137109163
23	768	0.337192999998	0.012521414313
23	909	0.403501999997	0.052727914945
23	923	0.412321999997	0.038143754228
23	933	0.414163999997	0.008913784136
23	1084	0.473302999996	0.045020084551
23	1092	0.475392999995	0.015573858117
23	1106	0.484346999995	0.011619785019
23	1214	0.522009999995	0.019903948538
23	1225	0.530577999994	0.002002326923
23	1318	0.574754999994	0.02098648444
23	1393	0.604787999994	0.025955017837
23	1403	0.613485999994	0.01381667602
23	1466	0.633418999994	0.008167849418
23	1553	0.677025999994	0.031884761522
23	1565	0.681543999994	0.01409546227
23	1672	0.729662999994	0.038804315409
23	1680	0.730898999994	0.003149364804
23	1761	0.760327999994	0.018841644335
23	1817	0.781944999993	0.013917150701
23	1828	0.789184999993	0.011496788785
23	1840	0.793896999993	0.002407678046
23	1905	0.824297999992	0.006072997725
23	1990	0.871076999991	0.02308126962
23	2002	0.878284999991	0.007103104877
23	2106	0.920087999991	0.023285731921
23	2146	0.932144999991	0.011075152992
23	3521	0.94489799999	3.364805e-006
23	6426	0.95008699999	2.95532e-006
23	8476	0.97936699999	0.005481329226
23	8541	1.00395599999	0.011056356873
23	8553	1.01035599999	0.001980550167
23	8610	1.039712999989	0.000293581516
23	8727	1.097977999989	0.037603871391
23	8737	1.102541999989	0.018549003519
23	8747	1.103221999989	0.000660384098
23	8862	1.155676999987	0.027581856586
23	8872	1.157954999987	0.008661108315
23	8967	1.200177999987	0.015869700707
23	9016	1.208162999987	0.002377583091
23	17831	1.236087999987	3.015289e-006
23	19788	1.267162999987	0.013451501419
23	19798	1.274320999987	0.010105039925
23	19916	1.328165999986	0.048718220004
23	19929	1.332731999986	0.03261265032
23	19943	1.341341999986	0.010478148294
23	19951	1.341741999986	0.002025981657
23	20055	1.383696999985	0.019917084374
23	20155	1.428931999985	0.02956059056
23	20163	1.432549999985	0.009951609799
23	20272	1.485632999984	0.03891037938
23	20284	1.490982999984	0.01697552169
23	20294	1.495504999984	0.003120032653
23	20427	1.553195999983	0.036629273689
23	20439	1.559279999983	0.014270170837
23	20540	1.605094999983	0.040869351317
23	20550	1.609950999983	0.014925394098
23	20621	1.631799999983	0.01744170367
23	21866	1.635082999983	4.914849e-006
23	25684	1.656658999982	0.000744103688
23	25746	1.682186999982	0.002438678364
23	39208	1.705334999982	0.001367324414
23	39272	1.737939999982	0.008701199531
23	39362	1.781620999981	0.034318392206
23	39374	1.790356999981	0.021670967523
23	39386	1.797400999981	0.008943429032
23	39495	1.84673399998	0.021990973452
23	39616	1.89907099998	0.046236343233
23	39624	1.90012499998	0.028907800731
23	39632	1.90204099998	0.005915165919
23	39749	1.951205999979	0.037442090767
23	39757	1.955505999979	0.016352323408
23	39911	2.034590999978	0.068711633343
23	39920	2.035962999978	0.044086669726
23	39932	2.044238999978	0.024817395337
23	39942	2.048252999978	0.009113684941
23	40238	2.191699999978	0.123487751539
23	40246	2.199511999978	0.113939346021
23	40256	2.203917999978	0.093172746286
23	40264	2.208239999978	0.07452950911
23	40272	2.208901999978	0.052786095031
23	40282	2.210561999978	0.029127066865
23	40293	2.213505999978	0.000187988054
23	40433	2.280734999977	0.054997876594
23	40443	2.285590999977	0.032367701591
23	40453	2.293932999977	0.022294724711
23	40461	2.295900999977	0.004985700029
