vector	0	"Net.subnet[0]"	"offered load"	1
vector	1	"Net.subnet[0]"	"throughput"	1
vector	2	"Net.subnet[0]"	"frames dropped"	1

0	0.1	30
1	0.1	0.3511
2	0.1	0

0	0.2	40
1	0.2	0.4506
2	0.2	0

0	0.3	10
1	0.3	0.0812
2	0.3	0

0	0.4	20
1	0.4	0.2296
2	0.4	0

0	0.5	50
1	0.5	0.5321
2	0.5	0

0	0.6	60
1	0.6	0.5988
2	0.6	0.002

0	0.7	70
1	0.7	0.6534
2	0.7	0

0	0.8	80
1	0.8	0.6981
2	0.8	0

0	0.9	90
1	0.9	0.7347
2	0.9	0.012

0	1.0	100
1	1.0	0.7646
2	1.0	0

0	1.1	110
1	1.1	0.7891
2	1.1	0.009

0	1.2	120
1	1.2	0.8092
2	1.2	0.014

0	1.3	130
1	1.3	0.8257
2	1.3	0.021

0	1.4	140
1	1.4	0.8391
2	1.4	0.022

0	1.5	150
1	1.5	0.8450
2	1.5	0.026

0	1.6	160
1	1.6	0.8392
2	1.6	0.051

0	1.7	170
1	1.7	0.8086
2	1.7	0.092

0	1.8	180
1	1.8	0.7487
2	1.8	0.144

0	1.9	190
1	1.9	0.6877
2	1.9	0.254

0	2.0	200
1	2.0	0.5716
2	2.0	0.434


