# This file is part of the NetBuilder example
# src  dest   delay    error datarate
   1    2      0.01       0     1e6
   1    4      0.01       0     1e6
   3    4      0.01       0     1e6
   4    5      0.01       0     1e6
   4    7      0.01       0     1e6
   5    6      0.01       0     1e6
   5    10     0.01       0     1e6
   6    7      0.01       0     1e6
   6    9      0.01       0     1e6
   7    8      0.01       0     1e6
   7    12     0.01       0     1e6
   9    11     0.01       0     1e6
   10   11     0.01       0     1e6
   10   13     0.01       0     1e6
   11   12     0.01       0     1e6
   11   14     0.01       0     1e6
   12   15     0.01       0     1e6
   13   18     0.01       0     1e6
   14   15     0.01       0     1e6
   14   22     0.01       0     1e6
   15   16     0.01       0     1e6
   16   17     0.01       0     1e6
   16   23     0.01       0     1e6
   18   19     0.01       0     1e6
   18   21     0.01       0     1e6
   19   20     0.01       0     1e6
   19   26     0.01       0     1e6
   20   21     0.01       0     1e6
   20   24     0.01       0     1e6
   20   25     0.01       0     1e6
   21   22     0.01       0     1e6
   21   23     0.01       0     1e6
   21   24     0.01       0     1e6
   23   24     0.01       0     1e6
   24   28     0.01       0     1e6
   25   27     0.01       0     1e6
   26   32     0.01       0     1e6
   27   29     0.01       0     1e6
   27   30     0.01       0     1e6
   27   32     0.01       0     1e6
   28   29     0.01       0     1e6
   28   31     0.01       0     1e6
   29   31     0.01       0     1e6
   30   36     0.01       0     1e6
   31   33     0.01       0     1e6
   32   34     0.01       0     1e6
   33   37     0.01       0     1e6
   34   35     0.01       0     1e6
   34   40     0.01       0     1e6
   35   36     0.01       0     1e6
   35   39     0.01       0     1e6
   36   37     0.01       0     1e6
   37   38     0.01       0     1e6
   38   39     0.01       0     1e6
   38   42     0.01       0     1e6
   39   40     0.01       0     1e6
   39   41     0.01       0     1e6
   40   43     0.01       0     1e6
   40   44     0.01       0     1e6
   40   52     0.01       0     1e6
   41   42     0.01       0     1e6
   41   43     0.01       0     1e6
   42   43     0.01       0     1e6
   43   46     0.01       0     1e6
   44   45     0.01       0     1e6
   44   47     0.01       0     1e6
   45   46     0.01       0     1e6
   46   49     0.01       0     1e6
   47   48     0.01       0     1e6
   48   50     0.01       0     1e6
   48   51     0.01       0     1e6
   49   50     0.01       0     1e6
   50   53     0.01       0     1e6
   51   52     0.01       0     1e6
   51   53     0.01       0     1e6
   52   53     0.01       0     1e6
   52   54     0.01       0     1e6
   53   56     0.01       0     1e6
   54   55     0.01       0     1e6
   55   56     0.01       0     1e6

